1 1 0 0 0 0.000124189 3.64292e-16 3.67761e-16
2 1 0.1 0.1 0 0.00460943 1.56125e-16 2.70617e-16
3 1 0.1 0 0.1 0.00460943 1.37911e-16 5.37764e-17
4 1 0 0.1 0.1 0.000124189 1.43115e-16 4.85723e-17
5 1 0.2 0 0 -0.00370528 8.11796e-16 8.16133e-16
8 1 0.2 0.1 0.1 -0.00370528 4.16334e-17 1.70003e-16
21 1 0 0.2 0 0.000124189 1.11022e-15 8.46545e-16
23 1 0.1 0.2 0.1 0.00460943 2.23346e-15 8.50015e-17
25 1 0.2 0.2 0 -0.00370528 1.73445e-15 1.21414e-15
101 1 0 0 0.2 0.000124189 7.73687e-16 1.13798e-15
102 1 0.1 0.1 0.2 0.00460943 1.14492e-16 2.17274e-15
105 1 0.2 0 0.2 -0.00370528 1.30446e-15 1.7106e-15
121 1 0 0.2 0.2 0.000124189 1.55778e-15 1.60635e-15
125 1 0.2 0.2 0.2 -0.00370528 2.06969e-15 2.03288e-15
6 1 0.3 0.1 0 0.0979042 8.32667e-17 7.09502e-16
7 1 0.3 0 0.1 0.0979042 8.29198e-16 3.29597e-16
9 1 0.402475 0 0 -0.212331 2.77556e-16 1.82146e-16
12 1 0.402475 0.1 0.1 -0.212331 5.55112e-17 9.54098e-17
27 1 0.3 0.2 0.1 0.0979042 2.08947e-15 2.22045e-16
29 1 0.402475 0.2 0 -0.212331 1.57253e-15 6.79903e-16
106 1 0.3 0.1 0.2 0.0979042 1.04083e-16 2.12937e-15
109 1 0.402475 0 0.2 -0.212331 6.93889e-16 1.5387e-15
129 1 0.402475 0.2 0.2 -0.212331 1.96024e-15 2.03928e-15
10 1 0.5 0.1 0 0.108667 6.245e-17 3.1225e-17
11 1 0.5 0 0.1 0.108667 1.38778e-17 6.59195e-17
13 1 0.6 0 0 -0.00275423 2.56739e-16 2.48065e-16
14 1 0.7 0.1 0 0.00735375 -2.77556e-17 2.63082e-16
15 1 0.7 0 0.1 0.00735375 2.31857e-16 1.56125e-17
16 1 0.6 0.1 0.1 -0.00275423 0 2.08167e-17
31 1 0.5 0.2 0.1 0.108667 2.20744e-15 9.02056e-17
33 1 0.6 0.2 0 -0.00275423 1.13538e-15 7.42407e-16
35 1 0.7 0.2 0.1 0.00735375 1.2104e-15 1.38778e-17
110 1 0.5 0.1 0.2 0.108667 6.245e-17 2.17187e-15
113 1 0.6 0 0.2 -0.00275423 7.35523e-16 1.08247e-15
114 1 0.7 0.1 0.2 0.00735375 7.63278e-17 1.18308e-15
133 1 0.6 0.2 0.2 -0.00275423 1.46411e-15 1.51246e-15
17 1 0.8 0 0 0.0001324 4.57967e-16 4.49293e-16
18 1 0.9 0.1 0 9.33465e-08 9.02056e-17 2.96638e-16
19 1 0.9 0 0.1 9.33465e-08 2.42861e-16 4.51028e-17
20 1 0.8 0.1 0.1 0.0001324 1.49186e-16 2.08167e-17
37 1 0.8 0.2 0 0.0001324 5.95878e-16 9.95731e-16
39 1 0.9 0.2 0.1 9.33465e-08 1.14752e-15 5.72459e-17
117 1 0.8 0 0.2 0.0001324 8.37871e-16 5.39499e-16
118 1 0.9 0.1 0.2 9.33465e-08 1.50921e-16 1.10068e-15
137 1 0.8 0.2 0.2 0.0001324 1.00094e-15 1.08632e-15
22 1 0.1 0.3 0 0.00460943 -1.46758e-15 8.12718e-16
24 1 0 0.3 0.1 0.000124189 -1.42854e-15 2.22045e-16
28 1 0.2 0.3 0.1 -0.00370528 -2.281e-15 1.31839e-16
41 1 0 0.4 0 0.000124189 -1.73472e-17 3.46945e-16
43 1 0.1 0.4 0.1 0.00460943 -1.47451e-17 1.47451e-16
45 1 0.2 0.4 0 -0.00370528 -4.54281e-17 8.46491e-16
122 1 0.1 0.3 0.2 0.00460943 -2.2482e-15 1.54043e-15
141 1 0 0.4 0.2 0.000124189 -1.35308e-16 6.34909e-16
145 1 0.2 0.4 0.2 -0.00370528 -1.55041e-17 1.03449e-15
26 1 0.3 0.3 0 0.0979042 -1.72063e-15 1.38431e-15
32 1 0.402475 0.3 0.1 -0.212331 -1.6185e-15 6.245e-17
47 1 0.3 0.4 0.1 0.0979042 3.82723e-17 1.17961e-16
49 1 0.402475 0.4 0 -0.212331 -3.46945e-18 3.747e-16
126 1 0.3 0.3 0.2 0.0979042 -2.72715e-15 1.27068e-15
149 1 0.402475 0.4 0.2 -0.212331 -1.17961e-16 9.59302e-16
30 1 0.5 0.3 0 0.108667 -1.21252e-15 7.91034e-16
34 1 0.7 0.3 0 0.00735375 -4.50052e-16 9.88196e-16
36 1 0.6 0.3 0.1 -0.00275423 -1.25941e-15 6.245e-17
51 1 0.5 0.4 0.1 0.108667 5.44269e-17 2.08167e-17
53 1 0.6 0.4 0 -0.00275423 3.72966e-17 3.19189e-16
55 1 0.7 0.4 0.1 0.00735375 -5.11743e-17 -2.77556e-17
130 1 0.5 0.3 0.2 0.108667 -2.02805e-15 1.36523e-15
134 1 0.7 0.3 0.2 0.00735375 -1.24624e-15 4.88758e-16
153 1 0.6 0.4 0.2 -0.00275423 -2.42861e-17 4.52763e-16
38 1 0.9 0.3 0 9.33465e-08 -5.16948e-16 9.22873e-16
40 1 0.8 0.3 0.1 0.0001324 -9.18536e-16 7.63278e-17
57 1 0.8 0.4 0 0.0001324 4.68375e-17 4.82253e-16
59 1 0.9 0.4 0.1 9.33465e-08 -5.37764e-17 2.34188e-17
138 1 0.9 0.3 0.2 9.33465e-08 -1.35308e-15 5.34295e-16
157 1 0.8 0.4 0.2 0.0001324 -1.43982e-16 3.46945e-18
42 1 0.1 0.5 0 0.00460943 3.8841e-15 1.98626e-16
44 1 0 0.5 0.1 0.000124189 3.80045e-15 5.37764e-17
48 1 0.2 0.5 0.1 -0.00370528 4.00694e-15 6.93889e-17
61 1 0 0.6 0 0.000124189 -3.95777e-15 3.18322e-16
62 1 0.1 0.7 0 0.00460943 -2.70617e-16 2.85362e-16
63 1 0.1 0.6 0.1 0.00460943 -3.89445e-15 8.67362e-17
64 1 0 0.7 0.1 0.000124189 -1.97758e-16 1.38778e-17
65 1 0.2 0.6 0 -0.00370528 -4.44208e-15 7.2853e-16
68 1 0.2 0.7 0.1 -0.00370528 -1.10047e-16 9.02056e-17
142 1 0.1 0.5 0.2 0.00460943 3.98856e-15 1.50747e-15
161 1 0 0.6 0.2 0.000124189 -4.32033e-15 1.0339e-15
162 1 0.1 0.7 0.2 0.00460943 -1.89085e-16 1.11196e-15
165 1 0.2 0.6 0.2 -0.00370528 -4.59154e-15 1.4621e-15
46 1 0.3 0.5 0 0.0979042 3.93213e-15 7.04298e-16
52 1 0.402475 0.5 0.1 -0.212331 3.63685e-15 0
66 1 0.3 0.7 0 0.0979042 -2.59666e-16 8.96093e-16
67 1 0.3 0.6 0.1 0.0979042 -4.1616e-15 1.38778e-16
69 1 0.402475 0.6 0 -0.212331 -4.01561e-15 2.498e-16
72 1 0.402475 0.7 0.1 -0.212331 -2.9577e-16 7.63278e-17
146 1 0.3 0.5 0.2 0.0979042 4.21798e-15 1.4164e-15
166 1 0.3 0.7 0.2 0.0979042 -1.88543e-16 9.48894e-16
169 1 0.402475 0.6 0.2 -0.212331 -4.27604e-15 1.42161e-15
50 1 0.5 0.5 0 0.108667 3.92313e-15 2.498e-16
54 1 0.7 0.5 0 0.00735375 3.77628e-15 3.29001e-16
56 1 0.6 0.5 0.1 -0.00275423 3.64482e-15 3.46945e-17
70 1 0.5 0.7 0 0.108667 -2.68665e-16 2.67581e-16
71 1 0.5 0.6 0.1 0.108667 -4.01242e-15 1.38778e-17
73 1 0.6 0.6 0 -0.00275423 -4.02076e-15 2.63678e-16
74 1 0.7 0.7 0 0.00735375 -2.62919e-16 5.07895e-16
75 1 0.7 0.6 0.1 0.00735375 -3.97599e-15 6.93889e-17
76 1 0.6 0.7 0.1 -0.00275423 -1.55637e-16 -2.77556e-17
150 1 0.5 0.5 0.2 0.108667 4.21429e-15 1.32706e-15
154 1 0.7 0.5 0.2 0.00735375 4.21896e-15 5.06973e-16
170 1 0.5 0.7 0.2 0.108667 -2.7723e-16 9.90527e-16
173 1 0.6 0.6 0.2 -0.00275423 -4.22741e-15 8.54351e-16
174 1 0.7 0.7 0.2 0.00735375 -8.55436e-17 1.36609e-16
58 1 0.9 0.5 0 9.33465e-08 3.84415e-15 3.57353e-16
60 1 0.8 0.5 0.1 0.0001324 3.88752e-15 1.21431e-16
77 1 0.8 0.6 0 0.0001324 -4.05925e-15 4.10262e-16
78 1 0.9 0.7 0 9.33465e-08 -2.53703e-16 4.49293e-16
79 1 0.9 0.6 0.1 9.33465e-08 -3.9994e-15 6.15827e-17
80 1 0.8 0.7 0.1 0.0001324 -2.62865e-16 1.21431e-16
158 1 0.9 0.5 0.2 9.33465e-08 4.22579e-15 5.13478e-16
177 1 0.8 0.6 0.2 0.0001324 -4.42008e-15 5.35162e-16
178 1 0.9 0.7 0.2 9.33465e-08 -1.75641e-16 8.41341e-17
81 1 0 0.8 0 0.000124189 -2.48933e-16 4.3715e-16
82 1 0.1 0.9 0 0.00460943 4.51028e-17 3.62557e-16
83 1 0.1 0.8 0.1 0.00460943 -2.60209e-16 1.5786e-16
84 1 0 0.9 0.1 0.000124189 -1.38778e-17 7.97973e-17
85 1 0.2 0.8 0 -0.00370528 -2.59341e-16 9.17615e-16
88 1 0.2 0.9 0.1 -0.00370528 4.52112e-17 1.2837e-16
181 1 0 0.8 0.2 0.000124189 -2.55004e-16 5.68989e-16
182 1 0.1 0.9 0.2 0.00460943 2.77556e-17 1.21431e-15
185 1 0.2 0.8 0.2 -0.00370528 -2.61943e-16 1.13771e-15
86 1 0.3 0.9 0 0.0979042 6.33174e-17 9.17669e-16
87 1 0.3 0.8 0.1 0.0979042 -2.1684e-16 2.46331e-16
89 1 0.402475 0.8 0 -0.212331 -2.87964e-16 3.66894e-16
92 1 0.402475 0.9 0.1 -0.212331 4.25007e-17 1.40513e-16
186 1 0.3 0.9 0.2 0.0979042 8.32667e-17 1.02121e-15
189 1 0.402475 0.8 0.2 -0.212331 -3.10516e-16 1.01395e-15
90 1 0.5 0.9 0 0.108667 3.98986e-17 2.48065e-16
91 1 0.5 0.8 0.1 0.108667 -2.68882e-16 1.12757e-16
93 1 0.6 0.8 0 -0.00275423 -2.55872e-16 3.03577e-16
94 1 0.7 0.9 0 0.00735375 5.20417e-17 5.28494e-16
95 1 0.7 0.8 0.1 0.00735375 -2.50396e-16 8.50015e-17
96 1 0.6 0.9 0.1 -0.00275423 1.82146e-17 1.9082e-17
190 1 0.5 0.9 0.2 0.108667 4.85723e-17 1.0752e-15
193 1 0.6 0.8 0.2 -0.00275423 -2.84495e-16 5.45571e-16
194 1 0.7 0.9 0.2 0.00735375 -8.67362e-19 6.42932e-17
97 1 0.8 0.8 0 0.0001324 -2.61943e-16 5.23886e-16
98 1 0.9 0.9 0 9.33465e-08 8.32667e-17 5.23886e-16
99 1 0.9 0.8 0.1 9.33465e-08 -2.08167e-16 1.38778e-16
100 1 0.8 0.9 0.1 0.0001324 7.45931e-17 1.45717e-16
197 1 0.8 0.8 0.2 0.0001324 -3.17454e-16 1.21431e-17
198 1 0.9 0.9 0.2 9.33465e-08 1.64799e-17 6.15827e-17
103 1 0.1 0 0.3 0.00460943 7.61544e-16 -1.419e-15
104 1 0 0.1 0.3 0.000124189 1.21431e-16 -1.31666e-15
108 1 0.2 0.1 0.3 -0.00370528 2.08167e-17 -2.25845e-15
123 1 0.1 0.2 0.3 0.00460943 1.6636e-15 -2.35575e-15
201 1 0 0 0.4 0.000124189 4.78784e-16 -7.63278e-17
202 1 0.1 0.1 0.4 0.00460943 5.72459e-17 -2.42861e-17
205 1 0.2 0 0.4 -0.00370528 9.29758e-16 -1.70762e-16
221 1 0 0.2 0.4 0.000124189 6.17562e-16 1.38778e-17
225 1 0.2 0.2 0.4 -0.00370528 1.02495e-15 -1.40404e-17
107 1 0.3 0 0.3 0.0979042 1.46064e-15 -1.7512e-15
112 1 0.402475 0.1 0.3 -0.212331 -4.16334e-17 -1.65493e-15
127 1 0.3 0.2 0.3 0.0979042 1.24119e-15 -2.7562e-15
206 1 0.3 0.1 0.4 0.0979042 -3.46945e-17 4.25007e-17
209 1 0.402475 0 0.4 -0.212331 3.95517e-16 -2.60209e-18
229 1 0.402475 0.2 0.4 -0.212331 1.02349e-15 -7.39968e-17
111 1 0.5 0 0.3 0.108667 7.77156e-16 -1.2065e-15
115 1 0.7 0 0.3 0.00735375 9.04929e-16 -4.42842e-16
116 1 0.6 0.1 0.3 -0.00275423 6.93889e-18 -1.24206e-15
131 1 0.5 0.2 0.3 0.108667 1.48406e-15 -2.01569e-15
135 1 0.7 0.2 0.3 0.00735375 5.30392e-16 -1.39683e-15
210 1 0.5 0.1 0.4 0.108667 1.38778e-17 1.15359e-16
213 1 0.6 0 0.4 -0.00275423 3.1225e-16 3.46945e-17
214 1 0.7 0.1 0.4 0.00735375 -1.11022e-16 -3.38271e-17
233 1 0.6 0.2 0.4 -0.00275423 4.91794e-16 3.00866e-17
119 1 0.9 0 0.3 9.33465e-08 9.02056e-16 -4.54498e-16
120 1 0.8 0.1 0.3 0.0001324 1.35308e-16 -8.57821e-16
139 1 0.9 0.2 0.3 9.33465e-08 5.56846e-16 -1.33487e-15
217 1 0.8 0 0.4 0.0001324 5.18682e-16 8.67362e-17
218 1 0.9 0.1 0.4 9.33465e-08 -5.20417e-18 -8.67362e-17
237 1 0.8 0.2 0.4 0.0001324 6.50521e-17 -5.20417e-18
124 1 0 0.3 0.3 0.000124189 -1.38691e-15 -1.42247e-15
128 1 0.2 0.3 0.3 -0.00370528 -2.25845e-15 -2.28967e-15
143 1 0.1 0.4 0.3 0.00460943 8.84709e-17 -1.00961e-15
222 1 0.1 0.3 0.4 0.00460943 -9.66241e-16 1.30972e-16
241 1 0 0.4 0.4 0.000124189 -5.55112e-17 1.04083e-17
245 1 0.2 0.4 0.4 -0.00370528 -1.4821e-16 -1.34333e-16
132 1 0.402475 0.3 0.3 -0.212331 -1.57513e-15 -1.64278e-15
147 1 0.3 0.4 0.3 0.0979042 1.57209e-17 -1.27838e-15
226 1 0.3 0.3 0.4 0.0979042 -1.27155e-15 7.45931e-17
249 1 0.402475 0.4 0.4 -0.212331 -1.30104e-16 -4.33681e-17
136 1 0.6 0.3 0.3 -0.00275423 -1.14492e-15 -1.14665e-15
151 1 0.5 0.4 0.3 0.108667 -1.0842e-18 -6.66242e-16
155 1 0.7 0.4 0.3 0.00735375 6.93889e-17 1.48698e-16
230 1 0.5 0.3 0.4 0.108667 -7.00828e-16 1.9082e-17
234 1 0.7 0.3 0.4 0.00735375 6.36969e-17 -9.54098e-18
253 1 0.6 0.4 0.4 -0.00275423 -1.82146e-17 4.0766e-17
140 1 0.8 0.3 0.3 0.0001324 -9.4369e-16 -9.29812e-16
159 1 0.9 0.4 0.3 9.33465e-08 -6.33174e-17 -6.93889e-18
238 1 0.9 0.3 0.4 9.33465e-08 6.93889e-18 -1.31839e-16
257 1 0.8 0.4 0.4 0.0001324 3.98986e-17 -5.20417e-18
144 1 0 0.5 0.3 0.000124189 4.20725e-15 -7.71085e-16
148 1 0.2 0.5 0.3 -0.00370528 4.4198e-15 -1.63828e-15
163 1 0.1 0.6 0.3 0.00460943 -4.31079e-15 -1.26288e-15
164 1 0 0.7 0.3 0.000124189 -1.59595e-16 -4.19803e-16
168 1 0.2 0.7 0.3 -0.00370528 -1.44633e-16 -1.34761e-15
242 1 0.1 0.5 0.4 0.00460943 3.77519e-15 3.72966e-17
261 1 0 0.6 0.4 0.000124189 -3.98466e-15 5.37764e-17
262 1 0.1 0.7 0.4 0.00460943 -1.11022e-16 6.07153e-17
265 1 0.2 0.6 0.4 -0.00370528 -4.28797e-15 -3.97902e-17
152 1 0.402475 0.5 0.3 -0.212331 4.09221e-15 -1.15836e-15
167 1 0.3 0.6 0.3 0.0979042 -4.64559e-15 -1.66013e-15
172 1 0.402475 0.7 0.3 -0.212331 -1.7087e-16 -8.25566e-16
246 1 0.3 0.5 0.4 0.0979042 4.0715e-15 -6.75458e-17
266 1 0.3 0.7 0.4 0.0979042 -9.66024e-17 3.97902e-17
269 1 0.402475 0.6 0.4 -0.212331 -3.92741e-15 8.50015e-17
156 1 0.6 0.5 0.3 -0.00275423 4.14789e-15 -6.03684e-16
171 1 0.5 0.6 0.3 0.108667 -4.4964e-15 -9.76649e-16
175 1 0.7 0.6 0.3 0.00735375 -4.5363e-15 -2.50288e-16
176 1 0.6 0.7 0.3 -0.00275423 -1.07119e-16 -2.01174e-16
250 1 0.5 0.5 0.4 0.108667 4.02011e-15 9.84456e-17
254 1 0.7 0.5 0.4 0.00735375 3.93105e-15 6.72205e-18
270 1 0.5 0.7 0.4 0.108667 -2.27791e-16 1.38344e-16
273 1 0.6 0.6 0.4 -0.00275423 -4.02803e-15 9.54098e-17
274 1 0.7 0.7 0.4 0.00735375 -2.07842e-16 -2.97071e-17
160 1 0.8 0.5 0.3 0.0001324 4.3715e-15 -2.98372e-16
179 1 0.9 0.6 0.3 9.33465e-08 -4.47559e-15 -3.05311e-16
180 1 0.8 0.7 0.3 0.0001324 -2.80158e-16 2.68882e-17
258 1 0.9 0.5 0.4 9.33465e-08 4.01762e-15 7.28584e-17
277 1 0.8 0.6 0.4 0.0001324 -4.1165e-15 1.14492e-16
278 1 0.9 0.7 0.4 9.33465e-08 -2.51969e-16 -4.33681e-18
183 1 0.1 0.8 0.3 0.00460943 -2.63678e-16 -9.54098e-16
184 1 0 0.9 0.3 0.000124189 5.55112e-17 -5.55112e-16
188 1 0.2 0.9 0.3 -0.00370528 1.34549e-16 -1.42491e-15
281 1 0 0.8 0.4 0.000124189 -3.08781e-16 -3.81639e-17
282 1 0.1 0.9 0.4 0.00460943 6.93889e-18 -1.07553e-16
285 1 0.2 0.8 0.4 -0.00370528 -2.44596e-16 -1.34333e-16
187 1 0.3 0.8 0.3 0.0979042 -2.76688e-16 -1.40946e-15
192 1 0.402475 0.9 0.3 -0.212331 1.56125e-16 -8.84709e-16
286 1 0.3 0.9 0.4 0.0979042 6.59195e-17 -8.23994e-17
289 1 0.402475 0.8 0.4 -0.212331 -2.15106e-16 8.50015e-17
191 1 0.5 0.8 0.3 0.108667 -2.48065e-16 -8.1532e-16
195 1 0.7 0.8 0.3 0.00735375 -2.4606e-16 -1.87025e-17
196 1 0.6 0.9 0.3 -0.00275423 7.28584e-17 -3.63425e-16
290 1 0.5 0.9 0.4 0.108667 2.1684e-17 1.50921e-16
293 1 0.6 0.8 0.4 -0.00275423 -2.74086e-16 3.29597e-17
294 1 0.7 0.9 0.4 0.00735375 7.80626e-18 -1.12757e-17
199 1 0.9 0.8 0.3 9.33465e-08 -2.77556e-16 -6.245e-17
200 1 0.8 0.9 0.3 0.0001324 5.55112e-17 -7.02563e-17
297 1 0.8 0.8 0.4 0.0001324 -3.10516e-16 1.26635e-16
298 1 0.9 0.9 0.4 9.33465e-08 1.73472e-18 3.98986e-17
203 1 0.1 0 0.5 0.00460943 2.89699e-16 3.66666e-15
204 1 0 0.1 0.5 0.000124189 9.36751e-17 3.69583e-15
208 1 0.2 0.1 0.5 -0.00370528 6.245e-17 3.89494e-15
223 1 0.1 0.2 0.5 0.00460943 1.53523e-15 3.97425e-15
301 1 0 0 0.6 0.000124189 3.01842e-16 -4.01155e-15
302 1 0.1 0.1 0.6 0.00460943 7.11237e-17 -3.78517e-15
303 1 0.1 0 0.7 0.00460943 3.01842e-16 -2.88831e-16
304 1 0 0.1 0.7 0.000124189 5.20417e-17 -2.04697e-16
305 1 0.2 0 0.6 -0.00370528 8.67308e-16 -4.23592e-15
308 1 0.2 0.1 0.7 -0.00370528 1.249e-16 -2.6357e-16
321 1 0 0.2 0.6 0.000124189 1.07206e-15 -4.32467e-15
323 1 0.1 0.2 0.7 0.00460943 1.23859e-15 -3.19189e-16
325 1 0.2 0.2 0.6 -0.00370528 1.57486e-15 -4.61209e-15
207 1 0.3 0 0.5 0.0979042 9.36751e-16 4.01578e-15
212 1 0.402475 0.1 0.5 -0.212331 -9.71445e-17 3.64162e-15
227 1 0.3 0.2 0.5 0.0979042 1.36783e-15 4.18204e-15
306 1 0.3 0.1 0.6 0.0979042 -2.77556e-17 -4.03844e-15
307 1 0.3 0 0.7 0.0979042 8.8124e-16 -2.87097e-16
309 1 0.402475 0 0.6 -0.212331 2.08167e-16 -4.04884e-15
312 1 0.402475 0.1 0.7 -0.212331 -1.04083e-16 -2.28116e-16
327 1 0.3 0.2 0.7 0.0979042 9.64073e-16 -2.77881e-16
329 1 0.402475 0.2 0.6 -0.212331 1.4537e-15 -4.31052e-15
211 1 0.5 0 0.5 0.108667 3.46945e-16 3.99767e-15
215 1 0.7 0 0.5 0.00735375 3.56757e-16 3.79454e-15
216 1 0.6 0.1 0.5 -0.00275423 6.93889e-18 3.65083e-15
231 1 0.5 0.2 0.5 0.108667 1.36436e-15 4.19424e-15
235 1 0.7 0.2 0.5 0.00735375 5.43402e-16 4.08907e-15
310 1 0.5 0.1 0.6 0.108667 3.46945e-17 -4.06619e-15
311 1 0.5 0 0.7 0.108667 2.77556e-16 -2.55004e-16
313 1 0.6 0 0.6 -0.00275423 3.05311e-16 -4.01588e-15
314 1 0.7 0.1 0.6 0.00735375 4.16334e-17 -3.93782e-15
315 1 0.7 0 0.7 0.00735375 5.37168e-16 -2.92301e-16
316 1 0.6 0.1 0.7 -0.00275423 -6.93889e-18 -1.64799e-16
331 1 0.5 0.2 0.7 0.108667 1.06729e-15 -2.52728e-16
333 1 0.6 0.2 0.6 -0.00275423 9.29812e-16 -4.13878e-15
335 1 0.7 0.2 0.7 0.00735375 3.9465e-17 -9.86624e-17
219 1 0.9 0 0.5 9.33465e-08 4.02456e-16 3.96211e-15
220 1 0.8 0.1 0.5 0.0001324 5.37764e-17 3.92308e-15
239 1 0.9 0.2 0.5 9.33465e-08 5.27356e-16 4.21364e-15
317 1 0.8 0 0.6 0.0001324 3.53884e-16 -4.04017e-15
318 1 0.9 0.1 0.6 9.33465e-08 6.33174e-17 -4.06706e-15
319 1 0.9 0 0.7 9.33465e-08 4.89192e-16 -2.60209e-16
320 1 0.8 0.1 0.7 0.0001324 1.14492e-16 -1.72605e-16
337 1 0.8 0.2 0.6 0.0001324 5.40366e-16 -4.39752e-15
339 1 0.9 0.2 0.7 9.33465e-08 7.80626e-17 -4.13081e-17
224 1 0 0.3 0.5 0.000124189 -8.0231e-16 4.23273e-15
228 1 0.2 0.3 0.5 -0.00370528 -1.61817e-15 4.49342e-15
243 1 0.1 0.4 0.5 0.00460943 -4.16334e-17 3.80078e-15
322 1 0.1 0.3 0.6 0.00460943 -1.079e-15 -4.29171e-15
324 1 0 0.3 0.7 0.000124189 -4.56232e-16 -2.42861e-16
328 1 0.2 0.3 0.7 -0.00370528 -1.33888e-15 -2.27249e-16
341 1 0 0.4 0.6 0.000124189 -1.04083e-17 -3.96731e-15
343 1 0.1 0.4 0.7 0.00460943 5.20417e-17 -3.01842e-16
345 1 0.2 0.4 0.6 -0.00370528 -1.32598e-16 -4.2897e-15
232 1 0.402475 0.3 0.5 -0.212331 -1.14134e-15 4.01849e-15
247 1 0.3 0.4 0.5 0.0979042 -1.00614e-16 4.11726e-15
326 1 0.3 0.3 0.6 0.0979042 -1.55431e-15 -4.44957e-15
332 1 0.402475 0.3 0.7 -0.212331 -6.74645e-16 -2.46548e-16
347 1 0.3 0.4 0.7 0.0979042 6.07153e-18 -2.54137e-16
349 1 0.402475 0.4 0.6 -0.212331 1.21431e-17 -3.98119e-15
236 1 0.6 0.3 0.5 -0.00275423 -5.79235e-16 4.06869e-15
251 1 0.5 0.4 0.5 0.108667 7.00395e-17 3.91874e-15
255 1 0.7 0.4 0.5 0.00735375 8.55978e-17 3.97658e-15
330 1 0.5 0.3 0.6 0.108667 -1.03043e-15 -4.40793e-15
334 1 0.7 0.3 0.6 0.00735375 -2.58962e-16 -4.44783e-15
336 1 0.6 0.3 0.7 -0.00275423 -2.59016e-16 -2.32236e-16
351 1 0.5 0.4 0.7 0.108667 7.45931e-17 -8.14236e-17
353 1 0.6 0.4 0.6 -0.00275423 3.64292e-17 -3.92048e-15
355 1 0.7 0.4 0.7 0.00735375 5.55112e-17 -1.34875e-16
240 1 0.8 0.3 0.5 0.0001324 -3.05311e-16 4.37324e-15
259 1 0.9 0.4 0.5 9.33465e-08 8.50015e-17 4.04364e-15
338 1 0.9 0.3 0.6 9.33465e-08 -3.05311e-16 -4.51462e-15
340 1 0.8 0.3 0.7 0.0001324 8.67362e-18 -2.74954e-16
357 1 0.8 0.4 0.6 0.0001324 8.67362e-17 -4.09568e-15
359 1 0.9 0.4 0.7 9.33465e-08 4.68375e-17 -1.55258e-16
244 1 0 0.5 0.5 0.000124189 3.78614e-15 3.83569e-15
248 1 0.2 0.5 0.5 -0.00370528 3.98705e-15 4.02678e-15
263 1 0.1 0.6 0.5 0.00460943 -3.79384e-15 3.49406e-15
264 1 0 0.7 0.5 0.000124189 -3.1225e-16 3.83027e-15
268 1 0.2 0.7 0.5 -0.00370528 -2.61293e-16 4.12799e-15
342 1 0.1 0.5 0.6 0.00460943 3.61777e-15 -3.78864e-15
344 1 0 0.5 0.7 0.000124189 3.85564e-15 -1.80411e-16
348 1 0.2 0.5 0.7 -0.00370528 4.19391e-15 -1.25334e-16
361 1 0 0.6 0.6 0.000124189 -3.99247e-15 -3.94736e-15
362 1 0.1 0.7 0.6 0.00460943 -1.75207e-16 -3.83374e-15
363 1 0.1 0.6 0.7 0.00460943 -4.05925e-15 -2.00361e-16
364 1 0 0.7 0.7 0.000124189 -1.94289e-16 -2.56739e-16
365 1 0.2 0.6 0.6 -0.00370528 -4.30878e-15 -4.18388e-15
368 1 0.2 0.7 0.7 -0.00370528 -2.87747e-16 -3.13334e-16
252 1 0.402475 0.5 0.5 -0.212331 3.67561e-15 3.62297e-15
267 1 0.3 0.6 0.5 0.0979042 -3.97398e-15 3.83623e-15
272 1 0.402475 0.7 0.5 -0.212331 -2.19659e-16 3.8654e-15
346 1 0.3 0.5 0.6 0.0979042 3.81119e-15 -4.01935e-15
352 1 0.402475 0.5 0.7 -0.212331 3.8287e-15 -2.25731e-16
366 1 0.3 0.7 0.6 0.0979042 -1.8735e-16 -4.19456e-15
367 1 0.3 0.6 0.7 0.0979042 -4.15613e-15 -1.43982e-16
369 1 0.402475 0.6 0.6 -0.212331 -3.75915e-15 -3.84762e-15
372 1 0.402475 0.7 0.7 -0.212331 -2.41994e-16 -3.05528e-16
256 1 0.6 0.5 0.5 -0.00275423 3.79861e-15 3.64368e-15
271 1 0.5 0.6 0.5 0.108667 -4.0451e-15 3.80945e-15
275 1 0.7 0.6 0.5 0.00735375 -4.04857e-15 3.76234e-15
276 1 0.6 0.7 0.5 -0.00275423 -1.96457e-16 3.86567e-15
350 1 0.5 0.5 0.6 0.108667 3.79211e-15 -3.93435e-15
354 1 0.7 0.5 0.6 0.00735375 3.87044e-15 -3.97078e-15
356 1 0.6 0.5 0.7 -0.00275423 3.78945e-15 -1.17744e-16
370 1 0.5 0.7 0.6 0.108667 -3.39138e-16 -4.16334e-15
371 1 0.5 0.6 0.7 0.108667 -4.17168e-15 -2.86988e-16
373 1 0.6 0.6 0.6 -0.00275423 -4.01415e-15 -3.88058e-15
374 1 0.7 0.7 0.6 0.00735375 -1.92554e-16 -4.07833e-15
375 1 0.7 0.6 0.7 0.00735375 -4.14919e-15 -2.64112e-16
376 1 0.6 0.7 0.7 -0.00275423 -1.67401e-16 -1.79978e-16
260 1 0.8 0.5 0.5 0.0001324 3.92394e-15 3.9066e-15
279 1 0.9 0.6 0.5 9.33465e-08 -4.08354e-15 3.89272e-15
280 1 0.8 0.7 0.5 0.0001324 -3.18322e-16 4.01849e-15
358 1 0.9 0.5 0.6 9.33465e-08 3.92394e-15 -4.15206e-15
360 1 0.8 0.5 0.7 0.0001324 3.94476e-15 -3.14852e-16
377 1 0.8 0.6 0.6 0.0001324 -4.13211e-15 -4.12344e-15
378 1 0.9 0.7 0.6 9.33465e-08 -3.13551e-16 -4.16073e-15
379 1 0.9 0.6 0.7 9.33465e-08 -4.23186e-15 -2.55872e-16
380 1 0.8 0.7 0.7 0.0001324 -2.3332e-16 -3.2049e-16
283 1 0.1 0.8 0.5 0.00460943 -3.98986e-16 3.80685e-15
284 1 0 0.9 0.5 0.000124189 1.73472e-17 3.96905e-15
288 1 0.2 0.9 0.5 -0.00370528 3.04661e-17 4.14225e-15
381 1 0 0.8 0.6 0.000124189 -2.42861e-16 -3.99507e-15
382 1 0.1 0.9 0.6 0.00460943 -4.77049e-17 -3.93088e-15
383 1 0.1 0.8 0.7 0.00460943 -2.498e-16 -2.38524e-16
384 1 0 0.9 0.7 0.000124189 -2.42861e-17 -2.98372e-16
385 1 0.2 0.8 0.6 -0.00370528 -3.20924e-16 -4.35215e-15
388 1 0.2 0.9 0.7 -0.00370528 6.28837e-17 -3.20273e-16
287 1 0.3 0.8 0.5 0.0979042 -2.64545e-16 4.07487e-15
292 1 0.402475 0.9 0.5 -0.212331 1.30972e-16 3.9465e-15
386 1 0.3 0.9 0.6 0.0979042 7.37257e-17 -4.28737e-15
387 1 0.3 0.8 0.7 0.0979042 -2.5327e-16 -3.70363e-16
389 1 0.402475 0.8 0.6 -0.212331 -2.56739e-16 -4.05578e-15
392 1 0.402475 0.9 0.7 -0.212331 -8.45678e-18 -3.58004e-16
291 1 0.5 0.8 0.5 0.108667 -2.87964e-16 3.98466e-15
295 1 0.7 0.8 0.5 0.00735375 -2.68611e-16 3.98059e-15
296 1 0.6 0.9 0.5 -0.00275423 -6.07153e-18 3.87537e-15
390 1 0.5 0.9 0.6 0.108667 4.03323e-17 -4.23446e-15
391 1 0.5 0.8 0.7 0.108667 -2.60209e-16 -3.51824e-16
393 1 0.6 0.8 0.6 -0.00275423 -2.89699e-16 -4.05058e-15
394 1 0.7 0.9 0.6 0.00735375 -2.86229e-17 -4.18849e-15
395 1 0.7 0.8 0.7 0.00735375 -2.64274e-16 -2.90133e-16
396 1 0.6 0.9 0.7 -0.00275423 -3.67545e-17 -1.4138e-16
299 1 0.9 0.8 0.5 9.33465e-08 -2.25514e-16 3.9968e-15
300 1 0.8 0.9 0.5 0.0001324 1.21431e-17 4.10869e-15
397 1 0.8 0.8 0.6 0.0001324 -2.81893e-16 -4.1963e-15
398 1 0.9 0.9 0.6 9.33465e-08 5.29091e-17 -4.17982e-15
399 1 0.9 0.8 0.7 9.33465e-08 -2.42861e-16 -3.46945e-16
400 1 0.8 0.9 0.7 0.0001324 -6.07153e-17 -3.747e-16
401 1 0 0 0.8 0.000124189 4.44089e-16 -2.35922e-16
402 1 0.1 0.1 0.8 0.00460943 1.5786e-16 -2.70617e-16
403 1 0.1 0 0.9 0.00460943 3.57353e-16 1.2837e-16
404 1 0 0.1 0.9 0.000124189 1.04083e-16 4.16334e-17
405 1 0.2 0 0.8 -0.00370528 9.71391e-16 -2.28116e-16
408 1 0.2 0.1 0.9 -0.00370528 1.52656e-16 4.6946e-17
421 1 0 0.2 0.8 0.000124189 5.6205e-16 -2.87964e-16
423 1 0.1 0.2 0.9 0.00460943 1.16226e-15 2.02963e-16
425 1 0.2 0.2 0.8 -0.00370528 1.16373e-15 -2.48065e-16
406 1 0.3 0.1 0.8 0.0979042 6.93889e-17 -2.11636e-16
407 1 0.3 0 0.9 0.0979042 8.84709e-16 5.29091e-17
409 1 0.402475 0 0.8 -0.212331 3.46945e-16 -2.42861e-16
412 1 0.402475 0.1 0.9 -0.212331 1.249e-16 3.38271e-17
427 1 0.3 0.2 0.9 0.0979042 9.567e-16 2.92735e-17
429 1 0.402475 0.2 0.8 -0.212331 1.03216e-15 -1.66533e-16
410 1 0.5 0.1 0.8 0.108667 9.02056e-17 -2.68882e-16
411 1 0.5 0 0.9 0.108667 2.498e-16 -8.67362e-18
413 1 0.6 0 0.8 -0.00275423 3.05311e-16 -2.52402e-16
414 1 0.7 0.1 0.8 0.00735375 1.11022e-16 -2.93765e-16
415 1 0.7 0 0.9 0.00735375 5.44107e-16 3.03577e-17
416 1 0.6 0.1 0.9 -0.00275423 4.85723e-17 -1.82146e-17
431 1 0.5 0.2 0.9 0.108667 1.02175e-15 7.89841e-17
433 1 0.6 0.2 0.8 -0.00275423 5.53377e-16 -3.29597e-16
435 1 0.7 0.2 0.9 0.00735375 2.38524e-17 6.39679e-17
417 1 0.8 0 0.8 0.0001324 5.49907e-16 -2.55004e-16
418 1 0.9 0.1 0.8 9.33465e-08 1.71738e-16 -2.84495e-16
419 1 0.9 0 0.9 9.33465e-08 5.27356e-16 4.85723e-17
420 1 0.8 0.1 0.9 0.0001324 1.56125e-16 3.98986e-17
437 1 0.8 0.2 0.8 0.0001324 1.73472e-17 -3.69496e-16
439 1 0.9 0.2 0.9 9.33465e-08 4.33681e-18 2.86229e-17
422 1 0.1 0.3 0.8 0.00460943 -9.97466e-16 -2.75821e-16
424 1 0 0.3 0.9 0.000124189 -4.85723e-16 2.25514e-17
428 1 0.2 0.3 0.9 -0.00370528 -1.38762e-15 6.51606e-17
441 1 0 0.4 0.8 0.000124189 2.77556e-17 -2.498e-16
443 1 0.1 0.4 0.9 0.00460943 2.08167e-17 1.35308e-16
445 1 0.2 0.4 0.8 -0.00370528 -8.31583e-17 -2.91434e-16
426 1 0.3 0.3 0.8 0.0979042 -1.39472e-15 -2.70617e-16
432 1 0.402475 0.3 0.9 -0.212331 -8.39606e-16 9.28077e-17
447 1 0.3 0.4 0.9 0.0979042 -4.16334e-17 8.76035e-17
449 1 0.402475 0.4 0.8 -0.212331 1.09288e-16 -2.72352e-16
430 1 0.5 0.3 0.8 0.108667 -7.91034e-16 -3.55618e-16
434 1 0.7 0.3 0.8 0.00735375 -8.37546e-17 -2.95499e-16
436 1 0.6 0.3 0.9 -0.00275423 -3.28513e-16 4.21213e-17
451 1 0.5 0.4 0.9 0.108667 2.6151e-16 3.84892e-17
453 1 0.6 0.4 0.8 -0.00275423 1.64799e-16 -3.50414e-16
455 1 0.7 0.4 0.9 0.00735375 3.1225e-17 3.72966e-17
438 1 0.9 0.3 0.8 9.33465e-08 -6.93889e-17 -3.08781e-16
440 1 0.8 0.3 0.9 0.0001324 -4.33681e-17 -1.9082e-17
457 1 0.8 0.4 0.8 0.0001324 1.11022e-16 -2.71484e-16
459 1 0.9 0.4 0.9 9.33465e-08 -5.20417e-17 3.46945e-18
442 1 0.1 0.5 0.8 0.00460943 3.94129e-15 -2.72352e-16
444 1 0 0.5 0.9 0.000124189 3.91072e-15 -5.20417e-18
448 1 0.2 0.5 0.9 -0.00370528 4.3451e-15 4.72712e-17
461 1 0 0.6 0.8 0.000124189 -4.11303e-15 -2.58474e-16
462 1 0.1 0.7 0.8 0.00460943 -3.10516e-16 -2.61943e-16
463 1 0.1 0.6 0.9 0.00460943 -4.13038e-15 7.97973e-17
464 1 0 0.7 0.9 0.000124189 -2.63678e-16 9.71445e-17
465 1 0.2 0.6 0.8 -0.00370528 -4.46491e-15 -2.28983e-16
468 1 0.2 0.7 0.9 -0.00370528 -3.07697e-16 8.68988e-17
446 1 0.3 0.5 0.8 0.0979042 4.18589e-15 -2.30718e-16
452 1 0.402475 0.5 0.9 -0.212331 3.96081e-15 1.17528e-16
466 1 0.3 0.7 0.8 0.0979042 -3.52474e-16 -2.64437e-16
467 1 0.3 0.6 0.9 0.0979042 -4.31079e-15 2.60209e-18
469 1 0.402475 0.6 0.8 -0.212331 -4.19456e-15 -2.70617e-16
472 1 0.402475 0.7 0.9 -0.212331 -3.29597e-16 9.80119e-17
450 1 0.5 0.5 0.8 0.108667 4.07573e-15 -3.07046e-16
454 1 0.7 0.5 0.8 0.00735375 3.94503e-15 -2.90295e-16
456 1 0.6 0.5 0.9 -0.00275423 3.89814e-15 -2.37982e-17
470 1 0.5 0.7 0.8 0.108667 -3.48354e-16 -2.75387e-16
471 1 0.5 0.6 0.9 0.108667 -4.27089e-15 2.86229e-17
473 1 0.6 0.6 0.8 -0.00275423 -4.18068e-15 -3.55618e-16
474 1 0.7 0.7 0.8 0.00735375 -1.60137e-16 -3.50794e-16
475 1 0.7 0.6 0.9 0.00735375 -4.24313e-15 1.9082e-17
476 1 0.6 0.7 0.9 -0.00275423 -1.66533e-16 3.8435e-17
458 1 0.9 0.5 0.8 9.33465e-08 4.01762e-15 -3.50414e-16
460 1 0.8 0.5 0.9 0.0001324 4.0766e-15 8.67362e-18
477 1 0.8 0.6 0.8 0.0001324 -4.20844e-15 -2.56739e-16
478 1 0.9 0.7 0.8 9.33465e-08 -2.92735e-16 -2.44596e-16
479 1 0.9 0.6 0.9 9.33465e-08 -4.21885e-15 5.20417e-17
480 1 0.8 0.7 0.9 0.0001324 -3.79037e-16 1.9082e-17
481 1 0 0.8 0.8 0.000124189 -2.38524e-16 -2.68882e-16
482 1 0.1 0.9 0.8 0.00460943 -3.1225e-17 -2.65413e-16
483 1 0.1 0.8 0.9 0.00460943 -2.68882e-16 -1.47451e-17
484 1 0 0.9 0.9 0.000124189 -1.38778e-17 4.51028e-17
485 1 0.2 0.8 0.8 -0.00370528 -2.61943e-16 -2.75821e-16
488 1 0.2 0.9 0.9 -0.00370528 5.21501e-17 1.8052e-16
486 1 0.3 0.9 0.8 0.0979042 1.55258e-16 -2.70617e-16
487 1 0.3 0.8 0.9 0.0979042 -2.42861e-16 9.02056e-17
489 1 0.402475 0.8 0.8 -0.212331 -1.37043e-16 -3.20056e-16
492 1 0.402475 0.9 0.9 -0.212331 1.1189e-16 6.15827e-17
490 1 0.5 0.9 0.8 0.108667 7.45931e-17 -2.86229e-16
491 1 0.5 0.8 0.9 0.108667 -2.63678e-16 -6.93889e-18
493 1 0.6 0.8 0.8 -0.00275423 -2.42861e-16 -3.24393e-16
494 1 0.7 0.9 0.8 0.00735375 -3.46945e-18 -2.55601e-16
495 1 0.7 0.8 0.9 0.00735375 -2.33049e-16 5.20417e-18
496 1 0.6 0.9 0.9 -0.00275423 2.08167e-17 4.16334e-17
497 1 0.8 0.8 0.8 0.0001324 -2.7929e-16 -2.65413e-16
498 1 0.9 0.9 0.8 9.33465e-08 9.71445e-17 -2.67147e-16
499 1 0.9 0.8 0.9 9.33465e-08 -2.498e-16 2.77556e-17
500 1 0.8 0.9 0.9 0.0001324 4.51028e-17 5.0307e-17
1 1 0 0 0 0.000124189 3.64292e-16 3.67761e-16
2 1 0.1 0.1 0 0.00460943 1.56125e-16 2.70617e-16
3 1 0.1 0 0.1 0.00460943 1.37911e-16 5.37764e-17
4 1 0 0.1 0.1 0.000124189 1.43115e-16 4.85723e-17
5 1 0.2 0 0 -0.00370528 8.11796e-16 8.16133e-16
8 1 0.2 0.1 0.1 -0.00370528 4.16334e-17 1.70003e-16
21 1 0 0.2 0 0.000124189 1.11022e-15 8.46545e-16
23 1 0.1 0.2 0.1 0.00460943 2.23346e-15 8.50015e-17
25 1 0.2 0.2 0 -0.00370528 1.73445e-15 1.21414e-15
101 1 0 0 0.2 0.000124189 7.73687e-16 1.13798e-15
102 1 0.1 0.1 0.2 0.00460943 1.14492e-16 2.17274e-15
105 1 0.2 0 0.2 -0.00370528 1.30446e-15 1.7106e-15
121 1 0 0.2 0.2 0.000124189 1.55778e-15 1.60635e-15
125 1 0.2 0.2 0.2 -0.00370528 2.06969e-15 2.03288e-15
6 1 0.3 0.1 0 0.0979042 8.32667e-17 7.09502e-16
7 1 0.3 0 0.1 0.0979042 8.29198e-16 3.29597e-16
9 1 0.402475 0 0 -0.212331 2.77556e-16 1.82146e-16
12 1 0.402475 0.1 0.1 -0.212331 5.55112e-17 9.54098e-17
27 1 0.3 0.2 0.1 0.0979042 2.08947e-15 2.22045e-16
29 1 0.402475 0.2 0 -0.212331 1.57253e-15 6.79903e-16
106 1 0.3 0.1 0.2 0.0979042 1.04083e-16 2.12937e-15
109 1 0.402475 0 0.2 -0.212331 6.93889e-16 1.5387e-15
129 1 0.402475 0.2 0.2 -0.212331 1.96024e-15 2.03928e-15
10 1 0.5 0.1 0 0.108667 6.245e-17 3.1225e-17
11 1 0.5 0 0.1 0.108667 1.38778e-17 6.59195e-17
13 1 0.6 0 0 -0.00275423 2.56739e-16 2.48065e-16
14 1 0.7 0.1 0 0.00735375 -2.77556e-17 2.63082e-16
15 1 0.7 0 0.1 0.00735375 2.31857e-16 1.56125e-17
16 1 0.6 0.1 0.1 -0.00275423 0 2.08167e-17
31 1 0.5 0.2 0.1 0.108667 2.20744e-15 9.02056e-17
33 1 0.6 0.2 0 -0.00275423 1.13538e-15 7.42407e-16
35 1 0.7 0.2 0.1 0.00735375 1.2104e-15 1.38778e-17
110 1 0.5 0.1 0.2 0.108667 6.245e-17 2.17187e-15
113 1 0.6 0 0.2 -0.00275423 7.35523e-16 1.08247e-15
114 1 0.7 0.1 0.2 0.00735375 7.63278e-17 1.18308e-15
133 1 0.6 0.2 0.2 -0.00275423 1.46411e-15 1.51246e-15
17 1 0.8 0 0 0.0001324 4.57967e-16 4.49293e-16
18 1 0.9 0.1 0 9.33465e-08 9.02056e-17 2.96638e-16
19 1 0.9 0 0.1 9.33465e-08 2.42861e-16 4.51028e-17
20 1 0.8 0.1 0.1 0.0001324 1.49186e-16 2.08167e-17
37 1 0.8 0.2 0 0.0001324 5.95878e-16 9.95731e-16
39 1 0.9 0.2 0.1 9.33465e-08 1.14752e-15 5.72459e-17
117 1 0.8 0 0.2 0.0001324 8.37871e-16 5.39499e-16
118 1 0.9 0.1 0.2 9.33465e-08 1.50921e-16 1.10068e-15
137 1 0.8 0.2 0.2 0.0001324 1.00094e-15 1.08632e-15
22 1 0.1 0.3 0 0.00460943 -1.46758e-15 8.12718e-16
24 1 0 0.3 0.1 0.000124189 -1.42854e-15 2.22045e-16
28 1 0.2 0.3 0.1 -0.00370528 -2.281e-15 1.31839e-16
41 1 0 0.4 0 0.000124189 -1.73472e-17 3.46945e-16
43 1 0.1 0.4 0.1 0.00460943 -1.47451e-17 1.47451e-16
45 1 0.2 0.4 0 -0.00370528 -4.54281e-17 8.46491e-16
122 1 0.1 0.3 0.2 0.00460943 -2.2482e-15 1.54043e-15
141 1 0 0.4 0.2 0.000124189 -1.35308e-16 6.34909e-16
145 1 0.2 0.4 0.2 -0.00370528 -1.55041e-17 1.03449e-15
26 1 0.3 0.3 0 0.0979042 -1.72063e-15 1.38431e-15
32 1 0.402475 0.3 0.1 -0.212331 -1.6185e-15 6.245e-17
47 1 0.3 0.4 0.1 0.0979042 3.82723e-17 1.17961e-16
49 1 0.402475 0.4 0 -0.212331 -3.46945e-18 3.747e-16
126 1 0.3 0.3 0.2 0.0979042 -2.72715e-15 1.27068e-15
149 1 0.402475 0.4 0.2 -0.212331 -1.17961e-16 9.59302e-16
30 1 0.5 0.3 0 0.108667 -1.21252e-15 7.91034e-16
34 1 0.7 0.3 0 0.00735375 -4.50052e-16 9.88196e-16
36 1 0.6 0.3 0.1 -0.00275423 -1.25941e-15 6.245e-17
51 1 0.5 0.4 0.1 0.108667 5.44269e-17 2.08167e-17
53 1 0.6 0.4 0 -0.00275423 3.72966e-17 3.19189e-16
55 1 0.7 0.4 0.1 0.00735375 -5.11743e-17 -2.77556e-17
130 1 0.5 0.3 0.2 0.108667 -2.02805e-15 1.36523e-15
134 1 0.7 0.3 0.2 0.00735375 -1.24624e-15 4.88758e-16
153 1 0.6 0.4 0.2 -0.00275423 -2.42861e-17 4.52763e-16
38 1 0.9 0.3 0 9.33465e-08 -5.16948e-16 9.22873e-16
40 1 0.8 0.3 0.1 0.0001324 -9.18536e-16 7.63278e-17
57 1 0.8 0.4 0 0.0001324 4.68375e-17 4.82253e-16
59 1 0.9 0.4 0.1 9.33465e-08 -5.37764e-17 2.34188e-17
138 1 0.9 0.3 0.2 9.33465e-08 -1.35308e-15 5.34295e-16
157 1 0.8 0.4 0.2 0.0001324 -1.43982e-16 3.46945e-18
42 1 0.1 0.5 0 0.00460943 3.8841e-15 1.98626e-16
44 1 0 0.5 0.1 0.000124189 3.80045e-15 5.37764e-17
48 1 0.2 0.5 0.1 -0.00370528 4.00694e-15 6.93889e-17
61 1 0 0.6 0 0.000124189 -3.95777e-15 3.18322e-16
62 1 0.1 0.7 0 0.00460943 -2.70617e-16 2.85362e-16
63 1 0.1 0.6 0.1 0.00460943 -3.89445e-15 8.67362e-17
64 1 0 0.7 0.1 0.000124189 -1.97758e-16 1.38778e-17
65 1 0.2 0.6 0 -0.00370528 -4.44208e-15 7.2853e-16
68 1 0.2 0.7 0.1 -0.00370528 -1.10047e-16 9.02056e-17
142 1 0.1 0.5 0.2 0.00460943 3.98856e-15 1.50747e-15
161 1 0 0.6 0.2 0.000124189 -4.32033e-15 1.0339e-15
162 1 0.1 0.7 0.2 0.00460943 -1.89085e-16 1.11196e-15
165 1 0.2 0.6 0.2 -0.00370528 -4.59154e-15 1.4621e-15
46 1 0.3 0.5 0 0.0979042 3.93213e-15 7.04298e-16
52 1 0.402475 0.5 0.1 -0.212331 3.63685e-15 0
66 1 0.3 0.7 0 0.0979042 -2.59666e-16 8.96093e-16
67 1 0.3 0.6 0.1 0.0979042 -4.1616e-15 1.38778e-16
69 1 0.402475 0.6 0 -0.212331 -4.01561e-15 2.498e-16
72 1 0.402475 0.7 0.1 -0.212331 -2.9577e-16 7.63278e-17
146 1 0.3 0.5 0.2 0.0979042 4.21798e-15 1.4164e-15
166 1 0.3 0.7 0.2 0.0979042 -1.88543e-16 9.48894e-16
169 1 0.402475 0.6 0.2 -0.212331 -4.27604e-15 1.42161e-15
50 1 0.5 0.5 0 0.108667 3.92313e-15 2.498e-16
54 1 0.7 0.5 0 0.00735375 3.77628e-15 3.29001e-16
56 1 0.6 0.5 0.1 -0.00275423 3.64482e-15 3.46945e-17
70 1 0.5 0.7 0 0.108667 -2.68665e-16 2.67581e-16
71 1 0.5 0.6 0.1 0.108667 -4.01242e-15 1.38778e-17
73 1 0.6 0.6 0 -0.00275423 -4.02076e-15 2.63678e-16
74 1 0.7 0.7 0 0.00735375 -2.62919e-16 5.07895e-16
75 1 0.7 0.6 0.1 0.00735375 -3.97599e-15 6.93889e-17
76 1 0.6 0.7 0.1 -0.00275423 -1.55637e-16 -2.77556e-17
150 1 0.5 0.5 0.2 0.108667 4.21429e-15 1.32706e-15
154 1 0.7 0.5 0.2 0.00735375 4.21896e-15 5.06973e-16
170 1 0.5 0.7 0.2 0.108667 -2.7723e-16 9.90527e-16
173 1 0.6 0.6 0.2 -0.00275423 -4.22741e-15 8.54351e-16
174 1 0.7 0.7 0.2 0.00735375 -8.55436e-17 1.36609e-16
58 1 0.9 0.5 0 9.33465e-08 3.84415e-15 3.57353e-16
60 1 0.8 0.5 0.1 0.0001324 3.88752e-15 1.21431e-16
77 1 0.8 0.6 0 0.0001324 -4.05925e-15 4.10262e-16
78 1 0.9 0.7 0 9.33465e-08 -2.53703e-16 4.49293e-16
79 1 0.9 0.6 0.1 9.33465e-08 -3.9994e-15 6.15827e-17
80 1 0.8 0.7 0.1 0.0001324 -2.62865e-16 1.21431e-16
158 1 0.9 0.5 0.2 9.33465e-08 4.22579e-15 5.13478e-16
177 1 0.8 0.6 0.2 0.0001324 -4.42008e-15 5.35162e-16
178 1 0.9 0.7 0.2 9.33465e-08 -1.75641e-16 8.41341e-17
81 1 0 0.8 0 0.000124189 -2.48933e-16 4.3715e-16
82 1 0.1 0.9 0 0.00460943 4.51028e-17 3.62557e-16
83 1 0.1 0.8 0.1 0.00460943 -2.60209e-16 1.5786e-16
84 1 0 0.9 0.1 0.000124189 -1.38778e-17 7.97973e-17
85 1 0.2 0.8 0 -0.00370528 -2.59341e-16 9.17615e-16
88 1 0.2 0.9 0.1 -0.00370528 4.52112e-17 1.2837e-16
181 1 0 0.8 0.2 0.000124189 -2.55004e-16 5.68989e-16
182 1 0.1 0.9 0.2 0.00460943 2.77556e-17 1.21431e-15
185 1 0.2 0.8 0.2 -0.00370528 -2.61943e-16 1.13771e-15
86 1 0.3 0.9 0 0.0979042 6.33174e-17 9.17669e-16
87 1 0.3 0.8 0.1 0.0979042 -2.1684e-16 2.46331e-16
89 1 0.402475 0.8 0 -0.212331 -2.87964e-16 3.66894e-16
92 1 0.402475 0.9 0.1 -0.212331 4.25007e-17 1.40513e-16
186 1 0.3 0.9 0.2 0.0979042 8.32667e-17 1.02121e-15
189 1 0.402475 0.8 0.2 -0.212331 -3.10516e-16 1.01395e-15
90 1 0.5 0.9 0 0.108667 3.98986e-17 2.48065e-16
91 1 0.5 0.8 0.1 0.108667 -2.68882e-16 1.12757e-16
93 1 0.6 0.8 0 -0.00275423 -2.55872e-16 3.03577e-16
94 1 0.7 0.9 0 0.00735375 5.20417e-17 5.28494e-16
95 1 0.7 0.8 0.1 0.00735375 -2.50396e-16 8.50015e-17
96 1 0.6 0.9 0.1 -0.00275423 1.82146e-17 1.9082e-17
190 1 0.5 0.9 0.2 0.108667 4.85723e-17 1.0752e-15
193 1 0.6 0.8 0.2 -0.00275423 -2.84495e-16 5.45571e-16
194 1 0.7 0.9 0.2 0.00735375 -8.67362e-19 6.42932e-17
97 1 0.8 0.8 0 0.0001324 -2.61943e-16 5.23886e-16
98 1 0.9 0.9 0 9.33465e-08 8.32667e-17 5.23886e-16
99 1 0.9 0.8 0.1 9.33465e-08 -2.08167e-16 1.38778e-16
100 1 0.8 0.9 0.1 0.0001324 7.45931e-17 1.45717e-16
197 1 0.8 0.8 0.2 0.0001324 -3.17454e-16 1.21431e-17
198 1 0.9 0.9 0.2 9.33465e-08 1.64799e-17 6.15827e-17
103 1 0.1 0 0.3 0.00460943 7.61544e-16 -1.419e-15
104 1 0 0.1 0.3 0.000124189 1.21431e-16 -1.31666e-15
108 1 0.2 0.1 0.3 -0.00370528 2.08167e-17 -2.25845e-15
123 1 0.1 0.2 0.3 0.00460943 1.6636e-15 -2.35575e-15
201 1 0 0 0.4 0.000124189 4.78784e-16 -7.63278e-17
202 1 0.1 0.1 0.4 0.00460943 5.72459e-17 -2.42861e-17
205 1 0.2 0 0.4 -0.00370528 9.29758e-16 -1.70762e-16
221 1 0 0.2 0.4 0.000124189 6.17562e-16 1.38778e-17
225 1 0.2 0.2 0.4 -0.00370528 1.02495e-15 -1.40404e-17
107 1 0.3 0 0.3 0.0979042 1.46064e-15 -1.7512e-15
112 1 0.402475 0.1 0.3 -0.212331 -4.16334e-17 -1.65493e-15
127 1 0.3 0.2 0.3 0.0979042 1.24119e-15 -2.7562e-15
206 1 0.3 0.1 0.4 0.0979042 -3.46945e-17 4.25007e-17
209 1 0.402475 0 0.4 -0.212331 3.95517e-16 -2.60209e-18
229 1 0.402475 0.2 0.4 -0.212331 1.02349e-15 -7.39968e-17
111 1 0.5 0 0.3 0.108667 7.77156e-16 -1.2065e-15
115 1 0.7 0 0.3 0.00735375 9.04929e-16 -4.42842e-16
116 1 0.6 0.1 0.3 -0.00275423 6.93889e-18 -1.24206e-15
131 1 0.5 0.2 0.3 0.108667 1.48406e-15 -2.01569e-15
135 1 0.7 0.2 0.3 0.00735375 5.30392e-16 -1.39683e-15
210 1 0.5 0.1 0.4 0.108667 1.38778e-17 1.15359e-16
213 1 0.6 0 0.4 -0.00275423 3.1225e-16 3.46945e-17
214 1 0.7 0.1 0.4 0.00735375 -1.11022e-16 -3.38271e-17
233 1 0.6 0.2 0.4 -0.00275423 4.91794e-16 3.00866e-17
119 1 0.9 0 0.3 9.33465e-08 9.02056e-16 -4.54498e-16
120 1 0.8 0.1 0.3 0.0001324 1.35308e-16 -8.57821e-16
139 1 0.9 0.2 0.3 9.33465e-08 5.56846e-16 -1.33487e-15
217 1 0.8 0 0.4 0.0001324 5.18682e-16 8.67362e-17
218 1 0.9 0.1 0.4 9.33465e-08 -5.20417e-18 -8.67362e-17
237 1 0.8 0.2 0.4 0.0001324 6.50521e-17 -5.20417e-18
124 1 0 0.3 0.3 0.000124189 -1.38691e-15 -1.42247e-15
128 1 0.2 0.3 0.3 -0.00370528 -2.25845e-15 -2.28967e-15
143 1 0.1 0.4 0.3 0.00460943 8.84709e-17 -1.00961e-15
222 1 0.1 0.3 0.4 0.00460943 -9.66241e-16 1.30972e-16
241 1 0 0.4 0.4 0.000124189 -5.55112e-17 1.04083e-17
245 1 0.2 0.4 0.4 -0.00370528 -1.4821e-16 -1.34333e-16
132 1 0.402475 0.3 0.3 -0.212331 -1.57513e-15 -1.64278e-15
147 1 0.3 0.4 0.3 0.0979042 1.57209e-17 -1.27838e-15
226 1 0.3 0.3 0.4 0.0979042 -1.27155e-15 7.45931e-17
249 1 0.402475 0.4 0.4 -0.212331 -1.30104e-16 -4.33681e-17
136 1 0.6 0.3 0.3 -0.00275423 -1.14492e-15 -1.14665e-15
151 1 0.5 0.4 0.3 0.108667 -1.0842e-18 -6.66242e-16
155 1 0.7 0.4 0.3 0.00735375 6.93889e-17 1.48698e-16
230 1 0.5 0.3 0.4 0.108667 -7.00828e-16 1.9082e-17
234 1 0.7 0.3 0.4 0.00735375 6.36969e-17 -9.54098e-18
253 1 0.6 0.4 0.4 -0.00275423 -1.82146e-17 4.0766e-17
140 1 0.8 0.3 0.3 0.0001324 -9.4369e-16 -9.29812e-16
159 1 0.9 0.4 0.3 9.33465e-08 -6.33174e-17 -6.93889e-18
238 1 0.9 0.3 0.4 9.33465e-08 6.93889e-18 -1.31839e-16
257 1 0.8 0.4 0.4 0.0001324 3.98986e-17 -5.20417e-18
144 1 0 0.5 0.3 0.000124189 4.20725e-15 -7.71085e-16
148 1 0.2 0.5 0.3 -0.00370528 4.4198e-15 -1.63828e-15
163 1 0.1 0.6 0.3 0.00460943 -4.31079e-15 -1.26288e-15
164 1 0 0.7 0.3 0.000124189 -1.59595e-16 -4.19803e-16
168 1 0.2 0.7 0.3 -0.00370528 -1.44633e-16 -1.34761e-15
242 1 0.1 0.5 0.4 0.00460943 3.77519e-15 3.72966e-17
261 1 0 0.6 0.4 0.000124189 -3.98466e-15 5.37764e-17
262 1 0.1 0.7 0.4 0.00460943 -1.11022e-16 6.07153e-17
265 1 0.2 0.6 0.4 -0.00370528 -4.28797e-15 -3.97902e-17
152 1 0.402475 0.5 0.3 -0.212331 4.09221e-15 -1.15836e-15
167 1 0.3 0.6 0.3 0.0979042 -4.64559e-15 -1.66013e-15
172 1 0.402475 0.7 0.3 -0.212331 -1.7087e-16 -8.25566e-16
246 1 0.3 0.5 0.4 0.0979042 4.0715e-15 -6.75458e-17
266 1 0.3 0.7 0.4 0.0979042 -9.66024e-17 3.97902e-17
269 1 0.402475 0.6 0.4 -0.212331 -3.92741e-15 8.50015e-17
156 1 0.6 0.5 0.3 -0.00275423 4.14789e-15 -6.03684e-16
171 1 0.5 0.6 0.3 0.108667 -4.4964e-15 -9.76649e-16
175 1 0.7 0.6 0.3 0.00735375 -4.5363e-15 -2.50288e-16
176 1 0.6 0.7 0.3 -0.00275423 -1.07119e-16 -2.01174e-16
250 1 0.5 0.5 0.4 0.108667 4.02011e-15 9.84456e-17
254 1 0.7 0.5 0.4 0.00735375 3.93105e-15 6.72205e-18
270 1 0.5 0.7 0.4 0.108667 -2.27791e-16 1.38344e-16
273 1 0.6 0.6 0.4 -0.00275423 -4.02803e-15 9.54098e-17
274 1 0.7 0.7 0.4 0.00735375 -2.07842e-16 -2.97071e-17
160 1 0.8 0.5 0.3 0.0001324 4.3715e-15 -2.98372e-16
179 1 0.9 0.6 0.3 9.33465e-08 -4.47559e-15 -3.05311e-16
180 1 0.8 0.7 0.3 0.0001324 -2.80158e-16 2.68882e-17
258 1 0.9 0.5 0.4 9.33465e-08 4.01762e-15 7.28584e-17
277 1 0.8 0.6 0.4 0.0001324 -4.1165e-15 1.14492e-16
278 1 0.9 0.7 0.4 9.33465e-08 -2.51969e-16 -4.33681e-18
183 1 0.1 0.8 0.3 0.00460943 -2.63678e-16 -9.54098e-16
184 1 0 0.9 0.3 0.000124189 5.55112e-17 -5.55112e-16
188 1 0.2 0.9 0.3 -0.00370528 1.34549e-16 -1.42491e-15
281 1 0 0.8 0.4 0.000124189 -3.08781e-16 -3.81639e-17
282 1 0.1 0.9 0.4 0.00460943 6.93889e-18 -1.07553e-16
285 1 0.2 0.8 0.4 -0.00370528 -2.44596e-16 -1.34333e-16
187 1 0.3 0.8 0.3 0.0979042 -2.76688e-16 -1.40946e-15
192 1 0.402475 0.9 0.3 -0.212331 1.56125e-16 -8.84709e-16
286 1 0.3 0.9 0.4 0.0979042 6.59195e-17 -8.23994e-17
289 1 0.402475 0.8 0.4 -0.212331 -2.15106e-16 8.50015e-17
191 1 0.5 0.8 0.3 0.108667 -2.48065e-16 -8.1532e-16
195 1 0.7 0.8 0.3 0.00735375 -2.4606e-16 -1.87025e-17
196 1 0.6 0.9 0.3 -0.00275423 7.28584e-17 -3.63425e-16
290 1 0.5 0.9 0.4 0.108667 2.1684e-17 1.50921e-16
293 1 0.6 0.8 0.4 -0.00275423 -2.74086e-16 3.29597e-17
294 1 0.7 0.9 0.4 0.00735375 7.80626e-18 -1.12757e-17
199 1 0.9 0.8 0.3 9.33465e-08 -2.77556e-16 -6.245e-17
200 1 0.8 0.9 0.3 0.0001324 5.55112e-17 -7.02563e-17
297 1 0.8 0.8 0.4 0.0001324 -3.10516e-16 1.26635e-16
298 1 0.9 0.9 0.4 9.33465e-08 1.73472e-18 3.98986e-17
203 1 0.1 0 0.5 0.00460943 2.89699e-16 3.66666e-15
204 1 0 0.1 0.5 0.000124189 9.36751e-17 3.69583e-15
208 1 0.2 0.1 0.5 -0.00370528 6.245e-17 3.89494e-15
223 1 0.1 0.2 0.5 0.00460943 1.53523e-15 3.97425e-15
301 1 0 0 0.6 0.000124189 3.01842e-16 -4.01155e-15
302 1 0.1 0.1 0.6 0.00460943 7.11237e-17 -3.78517e-15
303 1 0.1 0 0.7 0.00460943 3.01842e-16 -2.88831e-16
304 1 0 0.1 0.7 0.000124189 5.20417e-17 -2.04697e-16
305 1 0.2 0 0.6 -0.00370528 8.67308e-16 -4.23592e-15
308 1 0.2 0.1 0.7 -0.00370528 1.249e-16 -2.6357e-16
321 1 0 0.2 0.6 0.000124189 1.07206e-15 -4.32467e-15
323 1 0.1 0.2 0.7 0.00460943 1.23859e-15 -3.19189e-16
325 1 0.2 0.2 0.6 -0.00370528 1.57486e-15 -4.61209e-15
207 1 0.3 0 0.5 0.0979042 9.36751e-16 4.01578e-15
212 1 0.402475 0.1 0.5 -0.212331 -9.71445e-17 3.64162e-15
227 1 0.3 0.2 0.5 0.0979042 1.36783e-15 4.18204e-15
306 1 0.3 0.1 0.6 0.0979042 -2.77556e-17 -4.03844e-15
307 1 0.3 0 0.7 0.0979042 8.8124e-16 -2.87097e-16
309 1 0.402475 0 0.6 -0.212331 2.08167e-16 -4.04884e-15
312 1 0.402475 0.1 0.7 -0.212331 -1.04083e-16 -2.28116e-16
327 1 0.3 0.2 0.7 0.0979042 9.64073e-16 -2.77881e-16
329 1 0.402475 0.2 0.6 -0.212331 1.4537e-15 -4.31052e-15
211 1 0.5 0 0.5 0.108667 3.46945e-16 3.99767e-15
215 1 0.7 0 0.5 0.00735375 3.56757e-16 3.79454e-15
216 1 0.6 0.1 0.5 -0.00275423 6.93889e-18 3.65083e-15
231 1 0.5 0.2 0.5 0.108667 1.36436e-15 4.19424e-15
235 1 0.7 0.2 0.5 0.00735375 5.43402e-16 4.08907e-15
310 1 0.5 0.1 0.6 0.108667 3.46945e-17 -4.06619e-15
311 1 0.5 0 0.7 0.108667 2.77556e-16 -2.55004e-16
313 1 0.6 0 0.6 -0.00275423 3.05311e-16 -4.01588e-15
314 1 0.7 0.1 0.6 0.00735375 4.16334e-17 -3.93782e-15
315 1 0.7 0 0.7 0.00735375 5.37168e-16 -2.92301e-16
316 1 0.6 0.1 0.7 -0.00275423 -6.93889e-18 -1.64799e-16
331 1 0.5 0.2 0.7 0.108667 1.06729e-15 -2.52728e-16
333 1 0.6 0.2 0.6 -0.00275423 9.29812e-16 -4.13878e-15
335 1 0.7 0.2 0.7 0.00735375 3.9465e-17 -9.86624e-17
219 1 0.9 0 0.5 9.33465e-08 4.02456e-16 3.96211e-15
220 1 0.8 0.1 0.5 0.0001324 5.37764e-17 3.92308e-15
239 1 0.9 0.2 0.5 9.33465e-08 5.27356e-16 4.21364e-15
317 1 0.8 0 0.6 0.0001324 3.53884e-16 -4.04017e-15
318 1 0.9 0.1 0.6 9.33465e-08 6.33174e-17 -4.06706e-15
319 1 0.9 0 0.7 9.33465e-08 4.89192e-16 -2.60209e-16
320 1 0.8 0.1 0.7 0.0001324 1.14492e-16 -1.72605e-16
337 1 0.8 0.2 0.6 0.0001324 5.40366e-16 -4.39752e-15
339 1 0.9 0.2 0.7 9.33465e-08 7.80626e-17 -4.13081e-17
224 1 0 0.3 0.5 0.000124189 -8.0231e-16 4.23273e-15
228 1 0.2 0.3 0.5 -0.00370528 -1.61817e-15 4.49342e-15
243 1 0.1 0.4 0.5 0.00460943 -4.16334e-17 3.80078e-15
322 1 0.1 0.3 0.6 0.00460943 -1.079e-15 -4.29171e-15
324 1 0 0.3 0.7 0.000124189 -4.56232e-16 -2.42861e-16
328 1 0.2 0.3 0.7 -0.00370528 -1.33888e-15 -2.27249e-16
341 1 0 0.4 0.6 0.000124189 -1.04083e-17 -3.96731e-15
343 1 0.1 0.4 0.7 0.00460943 5.20417e-17 -3.01842e-16
345 1 0.2 0.4 0.6 -0.00370528 -1.32598e-16 -4.2897e-15
232 1 0.402475 0.3 0.5 -0.212331 -1.14134e-15 4.01849e-15
247 1 0.3 0.4 0.5 0.0979042 -1.00614e-16 4.11726e-15
326 1 0.3 0.3 0.6 0.0979042 -1.55431e-15 -4.44957e-15
332 1 0.402475 0.3 0.7 -0.212331 -6.74645e-16 -2.46548e-16
347 1 0.3 0.4 0.7 0.0979042 6.07153e-18 -2.54137e-16
349 1 0.402475 0.4 0.6 -0.212331 1.21431e-17 -3.98119e-15
236 1 0.6 0.3 0.5 -0.00275423 -5.79235e-16 4.06869e-15
251 1 0.5 0.4 0.5 0.108667 7.00395e-17 3.91874e-15
255 1 0.7 0.4 0.5 0.00735375 8.55978e-17 3.97658e-15
330 1 0.5 0.3 0.6 0.108667 -1.03043e-15 -4.40793e-15
334 1 0.7 0.3 0.6 0.00735375 -2.58962e-16 -4.44783e-15
336 1 0.6 0.3 0.7 -0.00275423 -2.59016e-16 -2.32236e-16
351 1 0.5 0.4 0.7 0.108667 7.45931e-17 -8.14236e-17
353 1 0.6 0.4 0.6 -0.00275423 3.64292e-17 -3.92048e-15
355 1 0.7 0.4 0.7 0.00735375 5.55112e-17 -1.34875e-16
240 1 0.8 0.3 0.5 0.0001324 -3.05311e-16 4.37324e-15
259 1 0.9 0.4 0.5 9.33465e-08 8.50015e-17 4.04364e-15
338 1 0.9 0.3 0.6 9.33465e-08 -3.05311e-16 -4.51462e-15
340 1 0.8 0.3 0.7 0.0001324 8.67362e-18 -2.74954e-16
357 1 0.8 0.4 0.6 0.0001324 8.67362e-17 -4.09568e-15
359 1 0.9 0.4 0.7 9.33465e-08 4.68375e-17 -1.55258e-16
244 1 0 0.5 0.5 0.000124189 3.78614e-15 3.83569e-15
248 1 0.2 0.5 0.5 -0.00370528 3.98705e-15 4.02678e-15
263 1 0.1 0.6 0.5 0.00460943 -3.79384e-15 3.49406e-15
264 1 0 0.7 0.5 0.000124189 -3.1225e-16 3.83027e-15
268 1 0.2 0.7 0.5 -0.00370528 -2.61293e-16 4.12799e-15
342 1 0.1 0.5 0.6 0.00460943 3.61777e-15 -3.78864e-15
344 1 0 0.5 0.7 0.000124189 3.85564e-15 -1.80411e-16
348 1 0.2 0.5 0.7 -0.00370528 4.19391e-15 -1.25334e-16
361 1 0 0.6 0.6 0.000124189 -3.99247e-15 -3.94736e-15
362 1 0.1 0.7 0.6 0.00460943 -1.75207e-16 -3.83374e-15
363 1 0.1 0.6 0.7 0.00460943 -4.05925e-15 -2.00361e-16
364 1 0 0.7 0.7 0.000124189 -1.94289e-16 -2.56739e-16
365 1 0.2 0.6 0.6 -0.00370528 -4.30878e-15 -4.18388e-15
368 1 0.2 0.7 0.7 -0.00370528 -2.87747e-16 -3.13334e-16
252 1 0.402475 0.5 0.5 -0.212331 3.67561e-15 3.62297e-15
267 1 0.3 0.6 0.5 0.0979042 -3.97398e-15 3.83623e-15
272 1 0.402475 0.7 0.5 -0.212331 -2.19659e-16 3.8654e-15
346 1 0.3 0.5 0.6 0.0979042 3.81119e-15 -4.01935e-15
352 1 0.402475 0.5 0.7 -0.212331 3.8287e-15 -2.25731e-16
366 1 0.3 0.7 0.6 0.0979042 -1.8735e-16 -4.19456e-15
367 1 0.3 0.6 0.7 0.0979042 -4.15613e-15 -1.43982e-16
369 1 0.402475 0.6 0.6 -0.212331 -3.75915e-15 -3.84762e-15
372 1 0.402475 0.7 0.7 -0.212331 -2.41994e-16 -3.05528e-16
256 1 0.6 0.5 0.5 -0.00275423 3.79861e-15 3.64368e-15
271 1 0.5 0.6 0.5 0.108667 -4.0451e-15 3.80945e-15
275 1 0.7 0.6 0.5 0.00735375 -4.04857e-15 3.76234e-15
276 1 0.6 0.7 0.5 -0.00275423 -1.96457e-16 3.86567e-15
350 1 0.5 0.5 0.6 0.108667 3.79211e-15 -3.93435e-15
354 1 0.7 0.5 0.6 0.00735375 3.87044e-15 -3.97078e-15
356 1 0.6 0.5 0.7 -0.00275423 3.78945e-15 -1.17744e-16
370 1 0.5 0.7 0.6 0.108667 -3.39138e-16 -4.16334e-15
371 1 0.5 0.6 0.7 0.108667 -4.17168e-15 -2.86988e-16
373 1 0.6 0.6 0.6 -0.00275423 -4.01415e-15 -3.88058e-15
374 1 0.7 0.7 0.6 0.00735375 -1.92554e-16 -4.07833e-15
375 1 0.7 0.6 0.7 0.00735375 -4.14919e-15 -2.64112e-16
376 1 0.6 0.7 0.7 -0.00275423 -1.67401e-16 -1.79978e-16
260 1 0.8 0.5 0.5 0.0001324 3.92394e-15 3.9066e-15
279 1 0.9 0.6 0.5 9.33465e-08 -4.08354e-15 3.89272e-15
280 1 0.8 0.7 0.5 0.0001324 -3.18322e-16 4.01849e-15
358 1 0.9 0.5 0.6 9.33465e-08 3.92394e-15 -4.15206e-15
360 1 0.8 0.5 0.7 0.0001324 3.94476e-15 -3.14852e-16
377 1 0.8 0.6 0.6 0.0001324 -4.13211e-15 -4.12344e-15
378 1 0.9 0.7 0.6 9.33465e-08 -3.13551e-16 -4.16073e-15
379 1 0.9 0.6 0.7 9.33465e-08 -4.23186e-15 -2.55872e-16
380 1 0.8 0.7 0.7 0.0001324 -2.3332e-16 -3.2049e-16
283 1 0.1 0.8 0.5 0.00460943 -3.98986e-16 3.80685e-15
284 1 0 0.9 0.5 0.000124189 1.73472e-17 3.96905e-15
288 1 0.2 0.9 0.5 -0.00370528 3.04661e-17 4.14225e-15
381 1 0 0.8 0.6 0.000124189 -2.42861e-16 -3.99507e-15
382 1 0.1 0.9 0.6 0.00460943 -4.77049e-17 -3.93088e-15
383 1 0.1 0.8 0.7 0.00460943 -2.498e-16 -2.38524e-16
384 1 0 0.9 0.7 0.000124189 -2.42861e-17 -2.98372e-16
385 1 0.2 0.8 0.6 -0.00370528 -3.20924e-16 -4.35215e-15
388 1 0.2 0.9 0.7 -0.00370528 6.28837e-17 -3.20273e-16
287 1 0.3 0.8 0.5 0.0979042 -2.64545e-16 4.07487e-15
292 1 0.402475 0.9 0.5 -0.212331 1.30972e-16 3.9465e-15
386 1 0.3 0.9 0.6 0.0979042 7.37257e-17 -4.28737e-15
387 1 0.3 0.8 0.7 0.0979042 -2.5327e-16 -3.70363e-16
389 1 0.402475 0.8 0.6 -0.212331 -2.56739e-16 -4.05578e-15
392 1 0.402475 0.9 0.7 -0.212331 -8.45678e-18 -3.58004e-16
291 1 0.5 0.8 0.5 0.108667 -2.87964e-16 3.98466e-15
295 1 0.7 0.8 0.5 0.00735375 -2.68611e-16 3.98059e-15
296 1 0.6 0.9 0.5 -0.00275423 -6.07153e-18 3.87537e-15
390 1 0.5 0.9 0.6 0.108667 4.03323e-17 -4.23446e-15
391 1 0.5 0.8 0.7 0.108667 -2.60209e-16 -3.51824e-16
393 1 0.6 0.8 0.6 -0.00275423 -2.89699e-16 -4.05058e-15
394 1 0.7 0.9 0.6 0.00735375 -2.86229e-17 -4.18849e-15
395 1 0.7 0.8 0.7 0.00735375 -2.64274e-16 -2.90133e-16
396 1 0.6 0.9 0.7 -0.00275423 -3.67545e-17 -1.4138e-16
299 1 0.9 0.8 0.5 9.33465e-08 -2.25514e-16 3.9968e-15
300 1 0.8 0.9 0.5 0.0001324 1.21431e-17 4.10869e-15
397 1 0.8 0.8 0.6 0.0001324 -2.81893e-16 -4.1963e-15
398 1 0.9 0.9 0.6 9.33465e-08 5.29091e-17 -4.17982e-15
399 1 0.9 0.8 0.7 9.33465e-08 -2.42861e-16 -3.46945e-16
400 1 0.8 0.9 0.7 0.0001324 -6.07153e-17 -3.747e-16
401 1 0 0 0.8 0.000124189 4.44089e-16 -2.35922e-16
402 1 0.1 0.1 0.8 0.00460943 1.5786e-16 -2.70617e-16
403 1 0.1 0 0.9 0.00460943 3.57353e-16 1.2837e-16
404 1 0 0.1 0.9 0.000124189 1.04083e-16 4.16334e-17
405 1 0.2 0 0.8 -0.00370528 9.71391e-16 -2.28116e-16
408 1 0.2 0.1 0.9 -0.00370528 1.52656e-16 4.6946e-17
421 1 0 0.2 0.8 0.000124189 5.6205e-16 -2.87964e-16
423 1 0.1 0.2 0.9 0.00460943 1.16226e-15 2.02963e-16
425 1 0.2 0.2 0.8 -0.00370528 1.16373e-15 -2.48065e-16
406 1 0.3 0.1 0.8 0.0979042 6.93889e-17 -2.11636e-16
407 1 0.3 0 0.9 0.0979042 8.84709e-16 5.29091e-17
409 1 0.402475 0 0.8 -0.212331 3.46945e-16 -2.42861e-16
412 1 0.402475 0.1 0.9 -0.212331 1.249e-16 3.38271e-17
427 1 0.3 0.2 0.9 0.0979042 9.567e-16 2.92735e-17
429 1 0.402475 0.2 0.8 -0.212331 1.03216e-15 -1.66533e-16
410 1 0.5 0.1 0.8 0.108667 9.02056e-17 -2.68882e-16
411 1 0.5 0 0.9 0.108667 2.498e-16 -8.67362e-18
413 1 0.6 0 0.8 -0.00275423 3.05311e-16 -2.52402e-16
414 1 0.7 0.1 0.8 0.00735375 1.11022e-16 -2.93765e-16
415 1 0.7 0 0.9 0.00735375 5.44107e-16 3.03577e-17
416 1 0.6 0.1 0.9 -0.00275423 4.85723e-17 -1.82146e-17
431 1 0.5 0.2 0.9 0.108667 1.02175e-15 7.89841e-17
433 1 0.6 0.2 0.8 -0.00275423 5.53377e-16 -3.29597e-16
435 1 0.7 0.2 0.9 0.00735375 2.38524e-17 6.39679e-17
417 1 0.8 0 0.8 0.0001324 5.49907e-16 -2.55004e-16
418 1 0.9 0.1 0.8 9.33465e-08 1.71738e-16 -2.84495e-16
419 1 0.9 0 0.9 9.33465e-08 5.27356e-16 4.85723e-17
420 1 0.8 0.1 0.9 0.0001324 1.56125e-16 3.98986e-17
437 1 0.8 0.2 0.8 0.0001324 1.73472e-17 -3.69496e-16
439 1 0.9 0.2 0.9 9.33465e-08 4.33681e-18 2.86229e-17
422 1 0.1 0.3 0.8 0.00460943 -9.97466e-16 -2.75821e-16
424 1 0 0.3 0.9 0.000124189 -4.85723e-16 2.25514e-17
428 1 0.2 0.3 0.9 -0.00370528 -1.38762e-15 6.51606e-17
441 1 0 0.4 0.8 0.000124189 2.77556e-17 -2.498e-16
443 1 0.1 0.4 0.9 0.00460943 2.08167e-17 1.35308e-16
445 1 0.2 0.4 0.8 -0.00370528 -8.31583e-17 -2.91434e-16
426 1 0.3 0.3 0.8 0.0979042 -1.39472e-15 -2.70617e-16
432 1 0.402475 0.3 0.9 -0.212331 -8.39606e-16 9.28077e-17
447 1 0.3 0.4 0.9 0.0979042 -4.16334e-17 8.76035e-17
449 1 0.402475 0.4 0.8 -0.212331 1.09288e-16 -2.72352e-16
430 1 0.5 0.3 0.8 0.108667 -7.91034e-16 -3.55618e-16
434 1 0.7 0.3 0.8 0.00735375 -8.37546e-17 -2.95499e-16
436 1 0.6 0.3 0.9 -0.00275423 -3.28513e-16 4.21213e-17
451 1 0.5 0.4 0.9 0.108667 2.6151e-16 3.84892e-17
453 1 0.6 0.4 0.8 -0.00275423 1.64799e-16 -3.50414e-16
455 1 0.7 0.4 0.9 0.00735375 3.1225e-17 3.72966e-17
438 1 0.9 0.3 0.8 9.33465e-08 -6.93889e-17 -3.08781e-16
440 1 0.8 0.3 0.9 0.0001324 -4.33681e-17 -1.9082e-17
457 1 0.8 0.4 0.8 0.0001324 1.11022e-16 -2.71484e-16
459 1 0.9 0.4 0.9 9.33465e-08 -5.20417e-17 3.46945e-18
442 1 0.1 0.5 0.8 0.00460943 3.94129e-15 -2.72352e-16
444 1 0 0.5 0.9 0.000124189 3.91072e-15 -5.20417e-18
448 1 0.2 0.5 0.9 -0.00370528 4.3451e-15 4.72712e-17
461 1 0 0.6 0.8 0.000124189 -4.11303e-15 -2.58474e-16
462 1 0.1 0.7 0.8 0.00460943 -3.10516e-16 -2.61943e-16
463 1 0.1 0.6 0.9 0.00460943 -4.13038e-15 7.97973e-17
464 1 0 0.7 0.9 0.000124189 -2.63678e-16 9.71445e-17
465 1 0.2 0.6 0.8 -0.00370528 -4.46491e-15 -2.28983e-16
468 1 0.2 0.7 0.9 -0.00370528 -3.07697e-16 8.68988e-17
446 1 0.3 0.5 0.8 0.0979042 4.18589e-15 -2.30718e-16
452 1 0.402475 0.5 0.9 -0.212331 3.96081e-15 1.17528e-16
466 1 0.3 0.7 0.8 0.0979042 -3.52474e-16 -2.64437e-16
467 1 0.3 0.6 0.9 0.0979042 -4.31079e-15 2.60209e-18
469 1 0.402475 0.6 0.8 -0.212331 -4.19456e-15 -2.70617e-16
472 1 0.402475 0.7 0.9 -0.212331 -3.29597e-16 9.80119e-17
450 1 0.5 0.5 0.8 0.108667 4.07573e-15 -3.07046e-16
454 1 0.7 0.5 0.8 0.00735375 3.94503e-15 -2.90295e-16
456 1 0.6 0.5 0.9 -0.00275423 3.89814e-15 -2.37982e-17
470 1 0.5 0.7 0.8 0.108667 -3.48354e-16 -2.75387e-16
471 1 0.5 0.6 0.9 0.108667 -4.27089e-15 2.86229e-17
473 1 0.6 0.6 0.8 -0.00275423 -4.18068e-15 -3.55618e-16
474 1 0.7 0.7 0.8 0.00735375 -1.60137e-16 -3.50794e-16
475 1 0.7 0.6 0.9 0.00735375 -4.24313e-15 1.9082e-17
476 1 0.6 0.7 0.9 -0.00275423 -1.66533e-16 3.8435e-17
458 1 0.9 0.5 0.8 9.33465e-08 4.01762e-15 -3.50414e-16
460 1 0.8 0.5 0.9 0.0001324 4.0766e-15 8.67362e-18
477 1 0.8 0.6 0.8 0.0001324 -4.20844e-15 -2.56739e-16
478 1 0.9 0.7 0.8 9.33465e-08 -2.92735e-16 -2.44596e-16
479 1 0.9 0.6 0.9 9.33465e-08 -4.21885e-15 5.20417e-17
480 1 0.8 0.7 0.9 0.0001324 -3.79037e-16 1.9082e-17
481 1 0 0.8 0.8 0.000124189 -2.38524e-16 -2.68882e-16
482 1 0.1 0.9 0.8 0.00460943 -3.1225e-17 -2.65413e-16
483 1 0.1 0.8 0.9 0.00460943 -2.68882e-16 -1.47451e-17
484 1 0 0.9 0.9 0.000124189 -1.38778e-17 4.51028e-17
485 1 0.2 0.8 0.8 -0.00370528 -2.61943e-16 -2.75821e-16
488 1 0.2 0.9 0.9 -0.00370528 5.21501e-17 1.8052e-16
486 1 0.3 0.9 0.8 0.0979042 1.55258e-16 -2.70617e-16
487 1 0.3 0.8 0.9 0.0979042 -2.42861e-16 9.02056e-17
489 1 0.402475 0.8 0.8 -0.212331 -1.37043e-16 -3.20056e-16
492 1 0.402475 0.9 0.9 -0.212331 1.1189e-16 6.15827e-17
490 1 0.5 0.9 0.8 0.108667 7.45931e-17 -2.86229e-16
491 1 0.5 0.8 0.9 0.108667 -2.63678e-16 -6.93889e-18
493 1 0.6 0.8 0.8 -0.00275423 -2.42861e-16 -3.24393e-16
494 1 0.7 0.9 0.8 0.00735375 -3.46945e-18 -2.55601e-16
495 1 0.7 0.8 0.9 0.00735375 -2.33049e-16 5.20417e-18
496 1 0.6 0.9 0.9 -0.00275423 2.08167e-17 4.16334e-17
497 1 0.8 0.8 0.8 0.0001324 -2.7929e-16 -2.65413e-16
498 1 0.9 0.9 0.8 9.33465e-08 9.71445e-17 -2.67147e-16
499 1 0.9 0.8 0.9 9.33465e-08 -2.498e-16 2.77556e-17
500 1 0.8 0.9 0.9 0.0001324 4.51028e-17 5.0307e-17
