1 1 0 0 0 0.000389421 5.41234e-16 5.27356e-16
2 1 0.1 0.1 0.1 -0.000629161 2.77556e-16 3.88578e-16
3 1 0.2 0 0 0.0611335 5.00034e-16 4.72278e-16
4 1 0.3 0.1 0.1 0.19893 4.44089e-16 7.77156e-16
5 1 0.403489 0 0 -0.505733 2.33147e-15 2.30371e-15
6 1 0.5 0.1 0.1 0.187527 5.55112e-16 7.84095e-16
7 1 0.6 0 0 0.0588176 2.22045e-16 2.22045e-16
8 1 0.7 0.1 0.1 -0.000855185 3.88578e-16 1.80411e-16
9 1 0.8 0 0 0.000420025 1.66533e-16 1.94289e-16
10 1 0.9 0.1 0.1 -1.11022e-16 4.16334e-16 1.94289e-16
11 1 0 0.2 0 0.000389421 9.02056e-17 3.05311e-16
12 1 0.1 0.3 0.1 -0.000629161 -5.20417e-16 5.27356e-16
13 1 0.2 0.2 0 0.0611335 -1.10589e-16 1.00007e-15
14 1 0.3 0.3 0.1 0.19893 -2.23216e-15 7.21645e-16
15 1 0.403489 0.2 0 -0.505733 8.8124e-16 3.27603e-15
16 1 0.5 0.3 0.1 0.187527 -4.34288e-15 7.21645e-16
17 1 0.6 0.2 0 0.0588176 1.05124e-15 1.49923e-15
18 1 0.7 0.3 0.1 -0.000855185 -3.27429e-16 2.77556e-16
19 1 0.8 0.2 0 0.000420025 4.85723e-17 4.64906e-16
20 1 0.9 0.3 0.1 -1.52656e-16 -3.67761e-16 5.41234e-16
21 1 0 0.4 0 0.000389421 4.85723e-17 2.08167e-16
22 1 0.1 0.5 0.1 -0.000629161 4.85723e-17 4.16334e-16
23 1 0.2 0.4 0 0.0611335 1.13191e-16 6.11056e-16
24 1 0.3 0.5 0.1 0.19893 5.21783e-15 9.4369e-16
25 1 0.403489 0.4 0 -0.505733 1.56125e-16 2.33147e-15
26 1 0.5 0.5 0.1 0.187527 4.00136e-15 9.99201e-16
27 1 0.6 0.4 0 0.0588176 7.50268e-17 4.996e-16
28 1 0.7 0.5 0.1 -0.000855185 1.1601e-16 2.77556e-16
29 1 0.8 0.4 0 0.000420025 8.32667e-17 5.75928e-16
30 1 0.9 0.5 0.1 -1.11022e-16 3.46945e-17 4.85723e-16
31 1 0 0.6 0 0.000389421 -6.93889e-17 2.77556e-16
32 1 0.1 0.7 0.1 -0.000629161 -5.06539e-16 4.16334e-16
33 1 0.2 0.6 0 0.0611335 -1.2503e-15 1.66577e-15
34 1 0.3 0.7 0.1 0.19893 -8.31366e-16 1.05471e-15
35 1 0.403489 0.6 0 -0.505733 -5.31996e-15 1.9984e-15
36 1 0.5 0.7 0.1 0.187527 -7.09502e-16 8.88178e-16
37 1 0.6 0.6 0 0.0588176 -1.85572e-15 6.10623e-16
38 1 0.7 0.7 0.1 -0.000855185 -4.80952e-16 2.22045e-16
39 1 0.8 0.6 0 0.000420025 -4.85723e-17 6.31439e-16
40 1 0.9 0.7 0.1 -1.52656e-16 -6.03684e-16 5.41234e-16
41 1 0 0.8 0 0.000389421 1.249e-16 1.249e-16
42 1 0.1 0.9 0.1 -0.000629161 -9.02056e-17 2.63678e-16
43 1 0.2 0.8 0 0.0611335 6.93889e-17 4.93095e-16
44 1 0.3 0.9 0.1 0.19893 1.38778e-17 9.02056e-16
45 1 0.403489 0.8 0 -0.505733 6.93889e-17 2.35922e-15
46 1 0.5 0.9 0.1 0.187527 -1.66533e-16 9.02056e-16
47 1 0.6 0.8 0 0.0588176 1.80411e-16 5.34295e-16
48 1 0.7 0.9 0.1 -0.000855185 -1.38778e-16 2.22045e-16
49 1 0.8 0.8 0 0.000420025 4.85723e-17 4.85723e-16
50 1 0.9 0.9 0.1 -1.38778e-16 -5.55112e-17 3.05311e-16
51 1 0 0 0.2 0.000389421 4.71845e-16 1.38778e-16
52 1 0.1 0.1 0.3 -0.000629161 4.44089e-16 -4.09395e-16
53 1 0.2 0 0.2 0.0611335 6.66567e-16 5.59448e-17
54 1 0.3 0.1 0.3 0.19893 3.88578e-16 -2.17187e-15
55 1 0.403489 0 0.2 -0.505733 2.38698e-15 1.76248e-15
56 1 0.5 0.1 0.3 0.187527 4.996e-16 -4.01762e-15
57 1 0.6 0 0.2 0.0588176 1.33227e-15 9.99201e-16
58 1 0.7 0.1 0.3 -0.000855185 2.77556e-16 -3.88578e-16
59 1 0.8 0 0.2 0.000420025 2.22045e-16 -5.55112e-17
60 1 0.9 0.1 0.3 -5.55112e-17 3.05311e-16 -3.747e-16
61 1 0 0.2 0.2 0.000389421 4.16334e-17 -6.93889e-17
62 1 0.1 0.3 0.3 -0.000629161 -3.40006e-16 -3.1225e-16
63 1 0.2 0.2 0.2 0.0611335 -6.54858e-17 1.15359e-16
64 1 0.3 0.3 0.3 0.19893 -4.00504e-16 -2.1259e-15
65 1 0.403489 0.2 0.2 -0.505733 9.54098e-16 8.64326e-16
66 1 0.5 0.3 0.3 0.187527 -3.31376e-15 -3.07046e-15
67 1 0.6 0.2 0.2 0.0588176 1.03736e-15 1.05081e-15
68 1 0.7 0.3 0.3 -0.000855185 -3.322e-16 -2.13371e-16
69 1 0.8 0.2 0.2 0.000420025 3.46945e-17 -2.77556e-17
70 1 0.9 0.3 0.3 -2.22045e-16 -3.747e-16 -2.63678e-16
71 1 0 0.4 0.2 0.000389421 4.16334e-17 -4.16334e-17
72 1 0.1 0.5 0.3 -0.000629161 2.00534e-15 -2.19963e-15
73 1 0.2 0.4 0.2 0.0611335 7.11237e-17 7.67615e-17
74 1 0.3 0.5 0.3 0.19893 2.67624e-15 -2.75821e-15
75 1 0.403489 0.4 0.2 -0.505733 -1.73472e-18 1.56472e-15
76 1 0.5 0.5 0.3 0.187527 4.94591e-15 -1.1293e-15
77 1 0.6 0.4 0.2 0.0588176 3.14419e-17 2.18575e-16
78 1 0.7 0.5 0.3 -0.000855185 -2.21177e-17 -2.41127e-16
79 1 0.8 0.4 0.2 0.000420025 6.93889e-17 -8.32667e-17
80 1 0.9 0.5 0.3 -6.93889e-17 -6.93889e-18 -3.46945e-16
81 1 0 0.6 0.2 0.000389421 -1.13104e-15 9.57567e-16
82 1 0.1 0.7 0.3 -0.000629161 -7.14706e-16 -2.70617e-16
83 1 0.2 0.6 0.2 0.0611335 -3.09561e-15 1.01611e-15
84 1 0.3 0.7 0.3 0.19893 -7.20561e-16 -2.02876e-15
85 1 0.403489 0.6 0.2 -0.505733 -4.41097e-15 7.11237e-16
86 1 0.5 0.7 0.3 0.187527 -7.2815e-16 -2.2031e-15
87 1 0.6 0.6 0.2 0.0588176 -2.05196e-15 5.89806e-17
88 1 0.7 0.7 0.3 -0.000855185 -4.85723e-16 -1.71738e-16
89 1 0.8 0.6 0.2 0.000420025 -2.28983e-16 8.32667e-17
90 1 0.9 0.7 0.3 -2.22045e-16 -6.10623e-16 -2.498e-16
91 1 0 0.8 0.2 0.000389421 1.11022e-16 4.16334e-17
92 1 0.1 0.9 0.3 -0.000629161 9.02056e-17 -1.52656e-16
93 1 0.2 0.8 0.2 0.0611335 5.55112e-17 -3.42608e-17
94 1 0.3 0.9 0.3 0.19893 7.63278e-17 -2.16493e-15
95 1 0.403489 0.8 0.2 -0.505733 1.80411e-16 1.74166e-15
96 1 0.5 0.9 0.3 0.187527 -1.45717e-16 -2.13718e-15
97 1 0.6 0.8 0.2 0.0588176 8.32667e-17 9.71445e-17
98 1 0.7 0.9 0.3 -0.000855185 -9.71445e-17 -3.33067e-16
99 1 0.8 0.8 0.2 0.000420025 1.52656e-16 2.77556e-17
100 1 0.9 0.9 0.3 -2.08167e-16 -1.17961e-16 -2.498e-16
101 1 0 0 0.4 0.000389421 3.19189e-16 8.32667e-17
102 1 0.1 0.1 0.5 -0.000629161 4.996e-16 1.11022e-16
103 1 0.2 0 0.4 0.0611335 6.11056e-16 -2.08167e-16
104 1 0.3 0.1 0.5 0.19893 4.44089e-16 5.31519e-15
105 1 0.403489 0 0.4 -0.505733 2.498e-15 -2.77556e-17
106 1 0.5 0.1 0.5 0.187527 6.66134e-16 3.89272e-15
107 1 0.6 0 0.4 0.0588176 3.88578e-16 -4.16334e-17
108 1 0.7 0.1 0.5 -0.000855185 2.22045e-16 2.28983e-16
109 1 0.8 0 0.4 0.000420025 5.55112e-17 3.46945e-17
110 1 0.9 0.1 0.5 -1.38778e-16 4.16334e-16 2.22045e-16
111 1 0 0.2 0.4 0.000389421 1.249e-16 -5.55112e-17
112 1 0.1 0.3 0.5 -0.000629161 -2.17881e-15 2.07473e-15
113 1 0.2 0.2 0.4 0.0611335 -9.97466e-18 -1.78243e-16
114 1 0.3 0.3 0.5 0.19893 -2.08752e-15 3.56399e-15
115 1 0.403489 0.2 0.4 -0.505733 -7.97973e-17 -1.56125e-17
116 1 0.5 0.3 0.5 0.187527 -3.00324e-15 6.86604e-15
117 1 0.6 0.2 0.4 0.0588176 1.35308e-16 -2.40693e-17
118 1 0.7 0.3 0.5 -0.000855185 -4.43222e-16 7.80626e-17
119 1 0.8 0.2 0.4 0.000420025 6.245e-17 -2.08167e-17
120 1 0.9 0.3 0.5 -9.71445e-17 -4.57967e-16 4.16334e-17
121 1 0 0.4 0.4 0.000389421 6.245e-17 5.55112e-17
122 1 0.1 0.5 0.5 -0.000629161 1.77636e-15 1.93595e-15
123 1 0.2 0.4 0.4 0.0611335 -1.21431e-17 -1.30104e-16
124 1 0.3 0.5 0.5 0.19893 4.40316e-15 4.45824e-15
125 1 0.403489 0.4 0.4 -0.505733 7.45931e-17 1.16226e-16
126 1 0.5 0.5 0.5 0.187527 4.75683e-15 4.92141e-15
127 1 0.6 0.4 0.4 0.0588176 7.30752e-17 -2.40693e-17
128 1 0.7 0.5 0.5 -0.000855185 1.85659e-15 1.98626e-15
129 1 0.8 0.4 0.4 0.000420025 1.73472e-16 -2.08167e-17
130 1 0.9 0.5 0.5 -4.16334e-17 1.8735e-15 2.17881e-15
131 1 0 0.6 0.4 0.000389421 -1.59595e-16 4.16334e-17
132 1 0.1 0.7 0.5 -0.000629161 -5.27356e-16 9.02056e-17
133 1 0.2 0.6 0.4 0.0611335 -3.33501e-16 -1.92121e-16
134 1 0.3 0.7 0.5 0.19893 -9.01839e-16 1.7113e-15
135 1 0.403489 0.6 0.4 -0.505733 -5.55328e-15 4.68375e-17
136 1 0.5 0.7 0.5 0.187527 -8.25295e-16 6.06459e-15
137 1 0.6 0.6 0.4 0.0588176 -1.95352e-15 1.75641e-17
138 1 0.7 0.7 0.5 -0.000855185 -4.30211e-16 -1.5786e-16
139 1 0.8 0.6 0.4 0.000420025 -1.45717e-16 2.08167e-17
140 1 0.9 0.7 0.5 1.38778e-17 -5.27356e-16 -8.32667e-17
141 1 0 0.8 0.4 0.000389421 1.11022e-16 1.38778e-16
142 1 0.1 0.9 0.5 -0.000629161 -9.71445e-17 -4.16334e-17
143 1 0.2 0.8 0.4 0.0611335 5.55112e-17 8.32667e-17
144 1 0.3 0.9 0.5 0.19893 1.52656e-16 1.7486e-15
145 1 0.403489 0.8 0.4 -0.505733 6.93889e-17 -4.16334e-17
146 1 0.5 0.9 0.5 0.187527 -6.93889e-17 6.06459e-15
147 1 0.6 0.8 0.4 0.0588176 5.55112e-17 4.85723e-17
148 1 0.7 0.9 0.5 -0.000855185 -1.38778e-16 -1.11022e-16
149 1 0.8 0.8 0.4 0.000420025 1.52656e-16 0
150 1 0.9 0.9 0.5 -2.77556e-17 -1.17961e-16 1.11022e-16
151 1 0 0 0.6 0.000389421 3.88578e-16 -1.11022e-16
152 1 0.1 0.1 0.7 -0.000629161 4.44089e-16 -3.53884e-16
153 1 0.2 0 0.6 0.0611335 1.44372e-15 -1.34831e-15
154 1 0.3 0.1 0.7 0.19893 4.996e-16 -7.35523e-16
155 1 0.403489 0 0.6 -0.505733 2.27596e-15 -5.45397e-15
156 1 0.5 0.1 0.7 0.187527 4.44089e-16 -4.996e-16
157 1 0.6 0 0.6 0.0588176 3.33067e-16 -1.88738e-15
158 1 0.7 0.1 0.7 -0.000855185 2.77556e-16 -5.27356e-16
159 1 0.8 0 0.6 0.000420025 2.22045e-16 -1.94289e-16
160 1 0.9 0.1 0.7 -5.55112e-17 3.05311e-16 -5.13478e-16
161 1 0 0.2 0.6 0.000389421 1.01308e-15 -1.20737e-15
162 1 0.1 0.3 0.7 -0.000629161 -3.40006e-16 -5.6205e-16
163 1 0.2 0.2 0.6 0.0611335 9.89226e-16 -3.26388e-15
164 1 0.3 0.3 0.7 0.19893 -2.6216e-16 -6.89553e-16
165 1 0.403489 0.2 0.6 -0.505733 7.21645e-16 -6.14439e-15
166 1 0.5 0.3 0.7 0.187527 -2.31521e-15 -4.38018e-16
167 1 0.6 0.2 0.6 0.0588176 1.03736e-15 -2.78748e-15
168 1 0.7 0.3 0.7 -0.000855185 -3.322e-16 -3.55618e-16
169 1 0.8 0.2 0.6 0.000420025 8.32667e-17 -1.8735e-16
170 1 0.9 0.3 0.7 -2.22045e-16 -3.747e-16 -6.38378e-16
171 1 0 0.4 0.6 0.000389421 1.249e-16 -2.91434e-16
172 1 0.1 0.5 0.7 -0.000629161 -2.08167e-17 -5.06539e-16
173 1 0.2 0.4 0.6 0.0611335 6.46184e-17 -3.75134e-16
174 1 0.3 0.5 0.7 0.19893 1.84401e-15 -5.43836e-16
175 1 0.403489 0.4 0.6 -0.505733 8.1532e-17 -5.64349e-15
176 1 0.5 0.5 0.7 0.187527 5.99369e-15 -6.80879e-16
177 1 0.6 0.4 0.6 0.0588176 7.30752e-17 -1.80086e-15
178 1 0.7 0.5 0.7 -0.000855185 -1.3314e-16 -3.83374e-16
179 1 0.8 0.4 0.6 0.000420025 2.28983e-16 -1.94289e-16
180 1 0.9 0.5 0.7 -6.93889e-17 -6.245e-17 -3.88578e-16
181 1 0 0.6 0.6 0.000389421 -2.04003e-15 -2.20657e-15
182 1 0.1 0.7 0.7 -0.000629161 -6.59195e-16 -5.75928e-16
183 1 0.2 0.6 0.6 0.0611335 -3.26085e-15 -3.09431e-15
184 1 0.3 0.7 0.7 0.19893 -8.03827e-16 -5.36897e-16
185 1 0.403489 0.6 0.6 -0.505733 -5.26055e-15 -5.30912e-15
186 1 0.5 0.7 0.7 0.187527 -8.66711e-16 -4.31079e-16
187 1 0.6 0.6 0.6 0.0588176 -3.0568e-15 -3.03598e-15
188 1 0.7 0.7 0.7 -0.000855185 -4.85723e-16 -3.69496e-16
189 1 0.8 0.6 0.6 0.000420025 -2.158e-15 -2.21351e-15
190 1 0.9 0.7 0.7 -2.22045e-16 -6.10623e-16 -6.245e-16
191 1 0 0.8 0.6 0.000389421 1.11022e-16 -2.498e-16
192 1 0.1 0.9 0.7 -0.000629161 9.71445e-17 -5.41234e-16
193 1 0.2 0.8 0.6 0.0611335 4.16334e-17 -1.8258e-16
194 1 0.3 0.9 0.7 0.19893 -6.93889e-18 -5.96745e-16
195 1 0.403489 0.8 0.6 -0.505733 6.93889e-17 -5.72459e-15
196 1 0.5 0.9 0.7 0.187527 4.16334e-17 -5.68989e-16
197 1 0.6 0.8 0.6 0.0588176 5.55112e-17 -2.14412e-15
198 1 0.7 0.9 0.7 -0.000855185 -1.04083e-16 -4.85723e-16
199 1 0.8 0.8 0.6 0.000420025 1.52656e-16 -2.15106e-16
200 1 0.9 0.9 0.7 -2.08167e-16 -1.17961e-16 -6.10623e-16
201 1 0 0 0.8 0.000389421 3.33067e-16 8.32667e-17
202 1 0.1 0.1 0.9 -0.000629161 3.88578e-16 -8.32667e-17
203 1 0.2 0 0.8 0.0611335 5.55545e-16 -1.38778e-17
204 1 0.3 0.1 0.9 0.19893 6.10623e-16 4.16334e-17
205 1 0.403489 0 0.8 -0.505733 2.33147e-15 9.71445e-17
206 1 0.5 0.1 0.9 0.187527 5.55112e-16 -9.71445e-17
207 1 0.6 0 0.8 0.0588176 3.33067e-16 5.55112e-17
208 1 0.7 0.1 0.9 -0.000855185 3.33067e-16 -2.77556e-17
209 1 0.8 0 0.8 0.000420025 5.55112e-17 0
210 1 0.9 0.1 0.9 0 3.05311e-16 -2.77556e-17
211 1 0 0.2 0.8 0.000389421 1.38778e-17 -4.16334e-17
212 1 0.1 0.3 0.9 -0.000629161 -4.51028e-16 -1.73472e-16
213 1 0.2 0.2 0.8 0.0611335 -6.54858e-17 7.11237e-17
214 1 0.3 0.3 0.9 0.19893 -3.17454e-16 -1.249e-16
215 1 0.403489 0.2 0.8 -0.505733 -7.63278e-17 6.85216e-17
216 1 0.5 0.3 0.9 0.187527 -2.42558e-15 -4.51028e-17
217 1 0.6 0.2 0.8 0.0588176 1.2837e-16 9.34582e-17
218 1 0.7 0.3 0.9 -0.000855185 -3.322e-16 -1.76942e-16
219 1 0.8 0.2 0.8 0.000420025 9.02056e-17 2.08167e-17
220 1 0.9 0.3 0.9 -2.35922e-16 -4.85723e-16 -1.80411e-16
221 1 0 0.4 0.8 0.000389421 1.11022e-16 1.38778e-17
222 1 0.1 0.5 0.9 -0.000629161 6.245e-17 -1.73472e-16
223 1 0.2 0.4 0.8 0.0611335 6.46184e-17 7.11237e-17
224 1 0.3 0.5 0.9 0.19893 1.89822e-15 1.02349e-16
225 1 0.403489 0.4 0.8 -0.505733 8.1532e-17 7.41594e-17
226 1 0.5 0.5 0.9 0.187527 5.94425e-15 -4.51028e-17
227 1 0.6 0.4 0.8 0.0588176 1.28586e-16 8.65193e-17
228 1 0.7 0.5 0.9 -0.000855185 5.63785e-18 -1.76942e-16
229 1 0.8 0.4 0.8 0.000420025 1.17961e-16 2.08167e-17
230 1 0.9 0.5 0.9 -2.498e-16 1.31839e-16 -2.35922e-16
231 1 0 0.6 0.8 0.000389421 -1.249e-16 -6.93889e-17
232 1 0.1 0.7 0.9 -0.000629161 -6.31439e-16 6.245e-17
233 1 0.2 0.6 0.8 0.0611335 -2.71051e-16 8.67362e-18
234 1 0.3 0.7 0.9 0.19893 -7.76289e-16 -1.11022e-16
235 1 0.403489 0.6 0.8 -0.505733 -5.48259e-15 1.99493e-17
236 1 0.5 0.7 0.9 0.187527 -7.82794e-16 1.02349e-16
237 1 0.6 0.6 0.8 0.0588176 -2.0576e-15 7.26415e-17
238 1 0.7 0.7 0.9 -0.000855185 -4.57967e-16 -1.63064e-16
239 1 0.8 0.6 0.8 0.000420025 -1.66533e-16 1.04083e-16
240 1 0.9 0.7 0.9 -2.35922e-16 -6.10623e-16 -1.80411e-16
241 1 0 0.8 0.8 0.000389421 1.38778e-16 1.38778e-17
242 1 0.1 0.9 0.9 -0.000629161 2.77556e-17 1.38778e-17
243 1 0.2 0.8 0.8 0.0611335 1.11022e-16 6.93889e-18
244 1 0.3 0.9 0.9 0.19893 -9.71445e-17 -1.52656e-16
245 1 0.403489 0.8 0.8 -0.505733 9.71445e-17 5.55112e-17
246 1 0.5 0.9 0.9 0.187527 -1.45717e-16 1.38778e-17
247 1 0.6 0.8 0.8 0.0588176 6.93889e-17 -5.55112e-17
248 1 0.7 0.9 0.9 -0.000855185 -2.56739e-16 -5.55112e-17
249 1 0.8 0.8 0.8 0.000420025 1.80411e-16 1.52656e-16
250 1 0.9 0.9 0.9 -8.32667e-17 -1.17961e-16 2.77556e-17
1 1 0 0 0 0.000389421 5.41234e-16 5.27356e-16
2 1 0.1 0.1 0.1 -0.000629161 2.77556e-16 3.88578e-16
3 1 0.2 0 0 0.0611335 5.00034e-16 4.72278e-16
4 1 0.3 0.1 0.1 0.19893 4.44089e-16 7.77156e-16
5 1 0.403489 0 0 -0.505733 2.33147e-15 2.30371e-15
6 1 0.5 0.1 0.1 0.187527 5.55112e-16 7.84095e-16
7 1 0.6 0 0 0.0588176 2.22045e-16 2.22045e-16
8 1 0.7 0.1 0.1 -0.000855185 3.88578e-16 1.80411e-16
9 1 0.8 0 0 0.000420025 1.66533e-16 1.94289e-16
10 1 0.9 0.1 0.1 -1.11022e-16 4.16334e-16 1.94289e-16
11 1 0 0.2 0 0.000389421 9.02056e-17 3.05311e-16
12 1 0.1 0.3 0.1 -0.000629161 -5.20417e-16 5.27356e-16
13 1 0.2 0.2 0 0.0611335 -1.10589e-16 1.00007e-15
14 1 0.3 0.3 0.1 0.19893 -2.23216e-15 7.21645e-16
15 1 0.403489 0.2 0 -0.505733 8.8124e-16 3.27603e-15
16 1 0.5 0.3 0.1 0.187527 -4.34288e-15 7.21645e-16
17 1 0.6 0.2 0 0.0588176 1.05124e-15 1.49923e-15
18 1 0.7 0.3 0.1 -0.000855185 -3.27429e-16 2.77556e-16
19 1 0.8 0.2 0 0.000420025 4.85723e-17 4.64906e-16
20 1 0.9 0.3 0.1 -1.52656e-16 -3.67761e-16 5.41234e-16
21 1 0 0.4 0 0.000389421 4.85723e-17 2.08167e-16
22 1 0.1 0.5 0.1 -0.000629161 4.85723e-17 4.16334e-16
23 1 0.2 0.4 0 0.0611335 1.13191e-16 6.11056e-16
24 1 0.3 0.5 0.1 0.19893 5.21783e-15 9.4369e-16
25 1 0.403489 0.4 0 -0.505733 1.56125e-16 2.33147e-15
26 1 0.5 0.5 0.1 0.187527 4.00136e-15 9.99201e-16
27 1 0.6 0.4 0 0.0588176 7.50268e-17 4.996e-16
28 1 0.7 0.5 0.1 -0.000855185 1.1601e-16 2.77556e-16
29 1 0.8 0.4 0 0.000420025 8.32667e-17 5.75928e-16
30 1 0.9 0.5 0.1 -1.11022e-16 3.46945e-17 4.85723e-16
31 1 0 0.6 0 0.000389421 -6.93889e-17 2.77556e-16
32 1 0.1 0.7 0.1 -0.000629161 -5.06539e-16 4.16334e-16
33 1 0.2 0.6 0 0.0611335 -1.2503e-15 1.66577e-15
34 1 0.3 0.7 0.1 0.19893 -8.31366e-16 1.05471e-15
35 1 0.403489 0.6 0 -0.505733 -5.31996e-15 1.9984e-15
36 1 0.5 0.7 0.1 0.187527 -7.09502e-16 8.88178e-16
37 1 0.6 0.6 0 0.0588176 -1.85572e-15 6.10623e-16
38 1 0.7 0.7 0.1 -0.000855185 -4.80952e-16 2.22045e-16
39 1 0.8 0.6 0 0.000420025 -4.85723e-17 6.31439e-16
40 1 0.9 0.7 0.1 -1.52656e-16 -6.03684e-16 5.41234e-16
41 1 0 0.8 0 0.000389421 1.249e-16 1.249e-16
42 1 0.1 0.9 0.1 -0.000629161 -9.02056e-17 2.63678e-16
43 1 0.2 0.8 0 0.0611335 6.93889e-17 4.93095e-16
44 1 0.3 0.9 0.1 0.19893 1.38778e-17 9.02056e-16
45 1 0.403489 0.8 0 -0.505733 6.93889e-17 2.35922e-15
46 1 0.5 0.9 0.1 0.187527 -1.66533e-16 9.02056e-16
47 1 0.6 0.8 0 0.0588176 1.80411e-16 5.34295e-16
48 1 0.7 0.9 0.1 -0.000855185 -1.38778e-16 2.22045e-16
49 1 0.8 0.8 0 0.000420025 4.85723e-17 4.85723e-16
50 1 0.9 0.9 0.1 -1.38778e-16 -5.55112e-17 3.05311e-16
51 1 0 0 0.2 0.000389421 4.71845e-16 1.38778e-16
52 1 0.1 0.1 0.3 -0.000629161 4.44089e-16 -4.09395e-16
53 1 0.2 0 0.2 0.0611335 6.66567e-16 5.59448e-17
54 1 0.3 0.1 0.3 0.19893 3.88578e-16 -2.17187e-15
55 1 0.403489 0 0.2 -0.505733 2.38698e-15 1.76248e-15
56 1 0.5 0.1 0.3 0.187527 4.996e-16 -4.01762e-15
57 1 0.6 0 0.2 0.0588176 1.33227e-15 9.99201e-16
58 1 0.7 0.1 0.3 -0.000855185 2.77556e-16 -3.88578e-16
59 1 0.8 0 0.2 0.000420025 2.22045e-16 -5.55112e-17
60 1 0.9 0.1 0.3 -5.55112e-17 3.05311e-16 -3.747e-16
61 1 0 0.2 0.2 0.000389421 4.16334e-17 -6.93889e-17
62 1 0.1 0.3 0.3 -0.000629161 -3.40006e-16 -3.1225e-16
63 1 0.2 0.2 0.2 0.0611335 -6.54858e-17 1.15359e-16
64 1 0.3 0.3 0.3 0.19893 -4.00504e-16 -2.1259e-15
65 1 0.403489 0.2 0.2 -0.505733 9.54098e-16 8.64326e-16
66 1 0.5 0.3 0.3 0.187527 -3.31376e-15 -3.07046e-15
67 1 0.6 0.2 0.2 0.0588176 1.03736e-15 1.05081e-15
68 1 0.7 0.3 0.3 -0.000855185 -3.322e-16 -2.13371e-16
69 1 0.8 0.2 0.2 0.000420025 3.46945e-17 -2.77556e-17
70 1 0.9 0.3 0.3 -2.22045e-16 -3.747e-16 -2.63678e-16
71 1 0 0.4 0.2 0.000389421 4.16334e-17 -4.16334e-17
72 1 0.1 0.5 0.3 -0.000629161 2.00534e-15 -2.19963e-15
73 1 0.2 0.4 0.2 0.0611335 7.11237e-17 7.67615e-17
74 1 0.3 0.5 0.3 0.19893 2.67624e-15 -2.75821e-15
75 1 0.403489 0.4 0.2 -0.505733 -1.73472e-18 1.56472e-15
76 1 0.5 0.5 0.3 0.187527 4.94591e-15 -1.1293e-15
77 1 0.6 0.4 0.2 0.0588176 3.14419e-17 2.18575e-16
78 1 0.7 0.5 0.3 -0.000855185 -2.21177e-17 -2.41127e-16
79 1 0.8 0.4 0.2 0.000420025 6.93889e-17 -8.32667e-17
80 1 0.9 0.5 0.3 -6.93889e-17 -6.93889e-18 -3.46945e-16
81 1 0 0.6 0.2 0.000389421 -1.13104e-15 9.57567e-16
82 1 0.1 0.7 0.3 -0.000629161 -7.14706e-16 -2.70617e-16
83 1 0.2 0.6 0.2 0.0611335 -3.09561e-15 1.01611e-15
84 1 0.3 0.7 0.3 0.19893 -7.20561e-16 -2.02876e-15
85 1 0.403489 0.6 0.2 -0.505733 -4.41097e-15 7.11237e-16
86 1 0.5 0.7 0.3 0.187527 -7.2815e-16 -2.2031e-15
87 1 0.6 0.6 0.2 0.0588176 -2.05196e-15 5.89806e-17
88 1 0.7 0.7 0.3 -0.000855185 -4.85723e-16 -1.71738e-16
89 1 0.8 0.6 0.2 0.000420025 -2.28983e-16 8.32667e-17
90 1 0.9 0.7 0.3 -2.22045e-16 -6.10623e-16 -2.498e-16
91 1 0 0.8 0.2 0.000389421 1.11022e-16 4.16334e-17
92 1 0.1 0.9 0.3 -0.000629161 9.02056e-17 -1.52656e-16
93 1 0.2 0.8 0.2 0.0611335 5.55112e-17 -3.42608e-17
94 1 0.3 0.9 0.3 0.19893 7.63278e-17 -2.16493e-15
95 1 0.403489 0.8 0.2 -0.505733 1.80411e-16 1.74166e-15
96 1 0.5 0.9 0.3 0.187527 -1.45717e-16 -2.13718e-15
97 1 0.6 0.8 0.2 0.0588176 8.32667e-17 9.71445e-17
98 1 0.7 0.9 0.3 -0.000855185 -9.71445e-17 -3.33067e-16
99 1 0.8 0.8 0.2 0.000420025 1.52656e-16 2.77556e-17
100 1 0.9 0.9 0.3 -2.08167e-16 -1.17961e-16 -2.498e-16
101 1 0 0 0.4 0.000389421 3.19189e-16 8.32667e-17
102 1 0.1 0.1 0.5 -0.000629161 4.996e-16 1.11022e-16
103 1 0.2 0 0.4 0.0611335 6.11056e-16 -2.08167e-16
104 1 0.3 0.1 0.5 0.19893 4.44089e-16 5.31519e-15
105 1 0.403489 0 0.4 -0.505733 2.498e-15 -2.77556e-17
106 1 0.5 0.1 0.5 0.187527 6.66134e-16 3.89272e-15
107 1 0.6 0 0.4 0.0588176 3.88578e-16 -4.16334e-17
108 1 0.7 0.1 0.5 -0.000855185 2.22045e-16 2.28983e-16
109 1 0.8 0 0.4 0.000420025 5.55112e-17 3.46945e-17
110 1 0.9 0.1 0.5 -1.38778e-16 4.16334e-16 2.22045e-16
111 1 0 0.2 0.4 0.000389421 1.249e-16 -5.55112e-17
112 1 0.1 0.3 0.5 -0.000629161 -2.17881e-15 2.07473e-15
113 1 0.2 0.2 0.4 0.0611335 -9.97466e-18 -1.78243e-16
114 1 0.3 0.3 0.5 0.19893 -2.08752e-15 3.56399e-15
115 1 0.403489 0.2 0.4 -0.505733 -7.97973e-17 -1.56125e-17
116 1 0.5 0.3 0.5 0.187527 -3.00324e-15 6.86604e-15
117 1 0.6 0.2 0.4 0.0588176 1.35308e-16 -2.40693e-17
118 1 0.7 0.3 0.5 -0.000855185 -4.43222e-16 7.80626e-17
119 1 0.8 0.2 0.4 0.000420025 6.245e-17 -2.08167e-17
120 1 0.9 0.3 0.5 -9.71445e-17 -4.57967e-16 4.16334e-17
121 1 0 0.4 0.4 0.000389421 6.245e-17 5.55112e-17
122 1 0.1 0.5 0.5 -0.000629161 1.77636e-15 1.93595e-15
123 1 0.2 0.4 0.4 0.0611335 -1.21431e-17 -1.30104e-16
124 1 0.3 0.5 0.5 0.19893 4.40316e-15 4.45824e-15
125 1 0.403489 0.4 0.4 -0.505733 7.45931e-17 1.16226e-16
126 1 0.5 0.5 0.5 0.187527 4.75683e-15 4.92141e-15
127 1 0.6 0.4 0.4 0.0588176 7.30752e-17 -2.40693e-17
128 1 0.7 0.5 0.5 -0.000855185 1.85659e-15 1.98626e-15
129 1 0.8 0.4 0.4 0.000420025 1.73472e-16 -2.08167e-17
130 1 0.9 0.5 0.5 -4.16334e-17 1.8735e-15 2.17881e-15
131 1 0 0.6 0.4 0.000389421 -1.59595e-16 4.16334e-17
132 1 0.1 0.7 0.5 -0.000629161 -5.27356e-16 9.02056e-17
133 1 0.2 0.6 0.4 0.0611335 -3.33501e-16 -1.92121e-16
134 1 0.3 0.7 0.5 0.19893 -9.01839e-16 1.7113e-15
135 1 0.403489 0.6 0.4 -0.505733 -5.55328e-15 4.68375e-17
136 1 0.5 0.7 0.5 0.187527 -8.25295e-16 6.06459e-15
137 1 0.6 0.6 0.4 0.0588176 -1.95352e-15 1.75641e-17
138 1 0.7 0.7 0.5 -0.000855185 -4.30211e-16 -1.5786e-16
139 1 0.8 0.6 0.4 0.000420025 -1.45717e-16 2.08167e-17
140 1 0.9 0.7 0.5 1.38778e-17 -5.27356e-16 -8.32667e-17
141 1 0 0.8 0.4 0.000389421 1.11022e-16 1.38778e-16
142 1 0.1 0.9 0.5 -0.000629161 -9.71445e-17 -4.16334e-17
143 1 0.2 0.8 0.4 0.0611335 5.55112e-17 8.32667e-17
144 1 0.3 0.9 0.5 0.19893 1.52656e-16 1.7486e-15
145 1 0.403489 0.8 0.4 -0.505733 6.93889e-17 -4.16334e-17
146 1 0.5 0.9 0.5 0.187527 -6.93889e-17 6.06459e-15
147 1 0.6 0.8 0.4 0.0588176 5.55112e-17 4.85723e-17
148 1 0.7 0.9 0.5 -0.000855185 -1.38778e-16 -1.11022e-16
149 1 0.8 0.8 0.4 0.000420025 1.52656e-16 0
150 1 0.9 0.9 0.5 -2.77556e-17 -1.17961e-16 1.11022e-16
151 1 0 0 0.6 0.000389421 3.88578e-16 -1.11022e-16
152 1 0.1 0.1 0.7 -0.000629161 4.44089e-16 -3.53884e-16
153 1 0.2 0 0.6 0.0611335 1.44372e-15 -1.34831e-15
154 1 0.3 0.1 0.7 0.19893 4.996e-16 -7.35523e-16
155 1 0.403489 0 0.6 -0.505733 2.27596e-15 -5.45397e-15
156 1 0.5 0.1 0.7 0.187527 4.44089e-16 -4.996e-16
157 1 0.6 0 0.6 0.0588176 3.33067e-16 -1.88738e-15
158 1 0.7 0.1 0.7 -0.000855185 2.77556e-16 -5.27356e-16
159 1 0.8 0 0.6 0.000420025 2.22045e-16 -1.94289e-16
160 1 0.9 0.1 0.7 -5.55112e-17 3.05311e-16 -5.13478e-16
161 1 0 0.2 0.6 0.000389421 1.01308e-15 -1.20737e-15
162 1 0.1 0.3 0.7 -0.000629161 -3.40006e-16 -5.6205e-16
163 1 0.2 0.2 0.6 0.0611335 9.89226e-16 -3.26388e-15
164 1 0.3 0.3 0.7 0.19893 -2.6216e-16 -6.89553e-16
165 1 0.403489 0.2 0.6 -0.505733 7.21645e-16 -6.14439e-15
166 1 0.5 0.3 0.7 0.187527 -2.31521e-15 -4.38018e-16
167 1 0.6 0.2 0.6 0.0588176 1.03736e-15 -2.78748e-15
168 1 0.7 0.3 0.7 -0.000855185 -3.322e-16 -3.55618e-16
169 1 0.8 0.2 0.6 0.000420025 8.32667e-17 -1.8735e-16
170 1 0.9 0.3 0.7 -2.22045e-16 -3.747e-16 -6.38378e-16
171 1 0 0.4 0.6 0.000389421 1.249e-16 -2.91434e-16
172 1 0.1 0.5 0.7 -0.000629161 -2.08167e-17 -5.06539e-16
173 1 0.2 0.4 0.6 0.0611335 6.46184e-17 -3.75134e-16
174 1 0.3 0.5 0.7 0.19893 1.84401e-15 -5.43836e-16
175 1 0.403489 0.4 0.6 -0.505733 8.1532e-17 -5.64349e-15
176 1 0.5 0.5 0.7 0.187527 5.99369e-15 -6.80879e-16
177 1 0.6 0.4 0.6 0.0588176 7.30752e-17 -1.80086e-15
178 1 0.7 0.5 0.7 -0.000855185 -1.3314e-16 -3.83374e-16
179 1 0.8 0.4 0.6 0.000420025 2.28983e-16 -1.94289e-16
180 1 0.9 0.5 0.7 -6.93889e-17 -6.245e-17 -3.88578e-16
181 1 0 0.6 0.6 0.000389421 -2.04003e-15 -2.20657e-15
182 1 0.1 0.7 0.7 -0.000629161 -6.59195e-16 -5.75928e-16
183 1 0.2 0.6 0.6 0.0611335 -3.26085e-15 -3.09431e-15
184 1 0.3 0.7 0.7 0.19893 -8.03827e-16 -5.36897e-16
185 1 0.403489 0.6 0.6 -0.505733 -5.26055e-15 -5.30912e-15
186 1 0.5 0.7 0.7 0.187527 -8.66711e-16 -4.31079e-16
187 1 0.6 0.6 0.6 0.0588176 -3.0568e-15 -3.03598e-15
188 1 0.7 0.7 0.7 -0.000855185 -4.85723e-16 -3.69496e-16
189 1 0.8 0.6 0.6 0.000420025 -2.158e-15 -2.21351e-15
190 1 0.9 0.7 0.7 -2.22045e-16 -6.10623e-16 -6.245e-16
191 1 0 0.8 0.6 0.000389421 1.11022e-16 -2.498e-16
192 1 0.1 0.9 0.7 -0.000629161 9.71445e-17 -5.41234e-16
193 1 0.2 0.8 0.6 0.0611335 4.16334e-17 -1.8258e-16
194 1 0.3 0.9 0.7 0.19893 -6.93889e-18 -5.96745e-16
195 1 0.403489 0.8 0.6 -0.505733 6.93889e-17 -5.72459e-15
196 1 0.5 0.9 0.7 0.187527 4.16334e-17 -5.68989e-16
197 1 0.6 0.8 0.6 0.0588176 5.55112e-17 -2.14412e-15
198 1 0.7 0.9 0.7 -0.000855185 -1.04083e-16 -4.85723e-16
199 1 0.8 0.8 0.6 0.000420025 1.52656e-16 -2.15106e-16
200 1 0.9 0.9 0.7 -2.08167e-16 -1.17961e-16 -6.10623e-16
201 1 0 0 0.8 0.000389421 3.33067e-16 8.32667e-17
202 1 0.1 0.1 0.9 -0.000629161 3.88578e-16 -8.32667e-17
203 1 0.2 0 0.8 0.0611335 5.55545e-16 -1.38778e-17
204 1 0.3 0.1 0.9 0.19893 6.10623e-16 4.16334e-17
205 1 0.403489 0 0.8 -0.505733 2.33147e-15 9.71445e-17
206 1 0.5 0.1 0.9 0.187527 5.55112e-16 -9.71445e-17
207 1 0.6 0 0.8 0.0588176 3.33067e-16 5.55112e-17
208 1 0.7 0.1 0.9 -0.000855185 3.33067e-16 -2.77556e-17
209 1 0.8 0 0.8 0.000420025 5.55112e-17 0
210 1 0.9 0.1 0.9 0 3.05311e-16 -2.77556e-17
211 1 0 0.2 0.8 0.000389421 1.38778e-17 -4.16334e-17
212 1 0.1 0.3 0.9 -0.000629161 -4.51028e-16 -1.73472e-16
213 1 0.2 0.2 0.8 0.0611335 -6.54858e-17 7.11237e-17
214 1 0.3 0.3 0.9 0.19893 -3.17454e-16 -1.249e-16
215 1 0.403489 0.2 0.8 -0.505733 -7.63278e-17 6.85216e-17
216 1 0.5 0.3 0.9 0.187527 -2.42558e-15 -4.51028e-17
217 1 0.6 0.2 0.8 0.0588176 1.2837e-16 9.34582e-17
218 1 0.7 0.3 0.9 -0.000855185 -3.322e-16 -1.76942e-16
219 1 0.8 0.2 0.8 0.000420025 9.02056e-17 2.08167e-17
220 1 0.9 0.3 0.9 -2.35922e-16 -4.85723e-16 -1.80411e-16
221 1 0 0.4 0.8 0.000389421 1.11022e-16 1.38778e-17
222 1 0.1 0.5 0.9 -0.000629161 6.245e-17 -1.73472e-16
223 1 0.2 0.4 0.8 0.0611335 6.46184e-17 7.11237e-17
224 1 0.3 0.5 0.9 0.19893 1.89822e-15 1.02349e-16
225 1 0.403489 0.4 0.8 -0.505733 8.1532e-17 7.41594e-17
226 1 0.5 0.5 0.9 0.187527 5.94425e-15 -4.51028e-17
227 1 0.6 0.4 0.8 0.0588176 1.28586e-16 8.65193e-17
228 1 0.7 0.5 0.9 -0.000855185 5.63785e-18 -1.76942e-16
229 1 0.8 0.4 0.8 0.000420025 1.17961e-16 2.08167e-17
230 1 0.9 0.5 0.9 -2.498e-16 1.31839e-16 -2.35922e-16
231 1 0 0.6 0.8 0.000389421 -1.249e-16 -6.93889e-17
232 1 0.1 0.7 0.9 -0.000629161 -6.31439e-16 6.245e-17
233 1 0.2 0.6 0.8 0.0611335 -2.71051e-16 8.67362e-18
234 1 0.3 0.7 0.9 0.19893 -7.76289e-16 -1.11022e-16
235 1 0.403489 0.6 0.8 -0.505733 -5.48259e-15 1.99493e-17
236 1 0.5 0.7 0.9 0.187527 -7.82794e-16 1.02349e-16
237 1 0.6 0.6 0.8 0.0588176 -2.0576e-15 7.26415e-17
238 1 0.7 0.7 0.9 -0.000855185 -4.57967e-16 -1.63064e-16
239 1 0.8 0.6 0.8 0.000420025 -1.66533e-16 1.04083e-16
240 1 0.9 0.7 0.9 -2.35922e-16 -6.10623e-16 -1.80411e-16
241 1 0 0.8 0.8 0.000389421 1.38778e-16 1.38778e-17
242 1 0.1 0.9 0.9 -0.000629161 2.77556e-17 1.38778e-17
243 1 0.2 0.8 0.8 0.0611335 1.11022e-16 6.93889e-18
244 1 0.3 0.9 0.9 0.19893 -9.71445e-17 -1.52656e-16
245 1 0.403489 0.8 0.8 -0.505733 9.71445e-17 5.55112e-17
246 1 0.5 0.9 0.9 0.187527 -1.45717e-16 1.38778e-17
247 1 0.6 0.8 0.8 0.0588176 6.93889e-17 -5.55112e-17
248 1 0.7 0.9 0.9 -0.000855185 -2.56739e-16 -5.55112e-17
249 1 0.8 0.8 0.8 0.000420025 1.80411e-16 1.52656e-16
250 1 0.9 0.9 0.9 -8.32667e-17 -1.17961e-16 2.77556e-17
