1 1 0 0 0 4.08747e-05 -2.65066e-15 -2.9976e-15
2 1 0.1 0.1 0 0.0012727 1.97758e-16 -3.03577e-15
3 1 0.1 0 0.1 0.0012727 -2.98025e-15 3.1225e-16
4 1 0 0.1 0.1 4.08747e-05 2.498e-16 2.91434e-16
5 1 0.2 0 0 -0.00371535 -2.83107e-15 -2.80331e-15
6 1 0.3 0.1 0 0.180247 4.996e-16 -2.17881e-15
7 1 0.3 0 0.1 0.180247 -2.72005e-15 2.22045e-16
8 1 0.2 0.1 0.1 -0.00371535 -2.77556e-16 -7.97973e-17
9 1 0.402766 0 0 -0.382114 -3.10862e-15 -3.01148e-15
12 1 0.402766 0.1 0.1 -0.382114 8.32667e-17 3.1225e-17
10 1 0.5 0.1 0 0.207356 5.27356e-16 -3.22659e-15
11 1 0.5 0 0.1 0.207356 -3.19189e-15 5.27356e-16
13 1 0.6 0 0 -0.00446794 -3.2474e-15 -3.16414e-15
16 1 0.6 0.1 0.1 -0.00446794 -2.77556e-17 1.04083e-16
14 1 0.7 0.1 0 0.00133545 3.33067e-16 -2.67147e-15
15 1 0.7 0 0.1 0.00133545 -2.69229e-15 4.51028e-16
17 1 0.8 0 0 4.51991e-05 -2.4529e-15 -2.65586e-15
20 1 0.8 0.1 0.1 4.51991e-05 3.60822e-16 4.92661e-16
18 1 0.9 0.1 0 7.63278e-17 3.67761e-16 -2.9074e-15
19 1 0.9 0 0.1 4.85723e-17 -2.88658e-15 3.46945e-16
21 1 0 0.2 0 4.08747e-05 -1.8735e-16 -3.06699e-15
22 1 0.1 0.3 0 0.0012727 -2.89699e-16 -2.59862e-15
23 1 0.1 0.2 0.1 0.0012727 2.25514e-17 6.93889e-18
24 1 0 0.3 0.1 4.08747e-05 -2.77556e-16 3.19189e-16
25 1 0.2 0.2 0 -0.00371535 -1.66533e-16 -2.94209e-15
26 1 0.3 0.3 0 0.180247 9.97466e-17 -2.70617e-15
27 1 0.3 0.2 0.1 0.180247 -1.7087e-16 -1.38778e-16
28 1 0.2 0.3 0.1 -0.00371535 1.42247e-16 -1.11022e-16
29 1 0.402766 0.2 0 -0.382114 -1.33574e-16 -2.96985e-15
32 1 0.402766 0.3 0.1 -0.382114 -9.71445e-17 2.77556e-16
30 1 0.5 0.3 0 0.207356 -2.60209e-16 -3.41394e-15
31 1 0.5 0.2 0.1 0.207356 -3.38271e-16 -1.38778e-16
33 1 0.6 0.2 0 -0.00446794 -1.56125e-17 -2.83107e-15
36 1 0.6 0.3 0.1 -0.00446794 8.50015e-17 5.55112e-17
34 1 0.7 0.3 0 0.00133545 -3.20924e-16 -2.69229e-15
35 1 0.7 0.2 0.1 0.00133545 -3.83374e-16 -1.94289e-16
37 1 0.8 0.2 0 4.51991e-05 -2.94903e-17 -3.18148e-15
40 1 0.8 0.3 0.1 4.51991e-05 -3.1572e-16 3.33067e-16
38 1 0.9 0.3 0 6.245e-17 -3.85109e-16 -3.21271e-15
39 1 0.9 0.2 0.1 -1.38778e-16 -4.16334e-17 4.02456e-16
41 1 0 0.4 0 4.08747e-05 2.9976e-15 -3.01148e-15
43 1 0.1 0.4 0.1 0.0012727 2.86923e-15 -7.97973e-17
45 1 0.2 0.4 0 -0.00371535 2.87964e-15 -2.33147e-15
47 1 0.3 0.4 0.1 0.180247 2.66107e-15 -2.77556e-17
49 1 0.402766 0.4 0 -0.382114 3.3272e-15 -2.83107e-15
51 1 0.5 0.4 0.1 0.207356 3.72792e-15 -3.05311e-16
53 1 0.6 0.4 0 -0.00446794 3.03577e-15 -2.7478e-15
55 1 0.7 0.4 0.1 0.00133545 3.12944e-15 -1.94289e-16
57 1 0.8 0.4 0 4.51991e-05 2.84321e-15 -2.87617e-15
59 1 0.9 0.4 0.1 0 2.91434e-15 2.42861e-16
42 1 0.1 0.5 0 0.0012727 -5.99e-15 -2.7027e-15
44 1 0 0.5 0.1 4.08747e-05 -5.82173e-15 6.93889e-17
61 1 0 0.6 0 4.08747e-05 0 -2.498e-15
63 1 0.1 0.6 0.1 0.0012727 -3.46945e-18 3.66027e-16
46 1 0.3 0.5 0 0.180247 -5.4878e-15 -2.15106e-15
48 1 0.2 0.5 0.1 -0.00371535 -5.54938e-15 -1.94289e-16
65 1 0.2 0.6 0 -0.00371535 1.39645e-16 -2.72005e-15
67 1 0.3 0.6 0.1 0.180247 2.09034e-16 1.66533e-16
52 1 0.402766 0.5 0.1 -0.382114 -6.03684e-15 1.94289e-16
69 1 0.402766 0.6 0 -0.382114 -1.56125e-17 -2.88658e-15
50 1 0.5 0.5 0 0.207356 -5.75581e-15 -3.4972e-15
56 1 0.6 0.5 0.1 -0.00446794 -4.91794e-15 -2.498e-16
71 1 0.5 0.6 0.1 0.207356 1.68268e-16 2.22045e-16
73 1 0.6 0.6 0 -0.00446794 5.20417e-18 -2.72005e-15
54 1 0.7 0.5 0 0.00133545 -5.30652e-15 -2.9976e-15
60 1 0.8 0.5 0.1 4.51991e-05 -5.63612e-15 1.9082e-16
75 1 0.7 0.6 0.1 0.00133545 1.9082e-17 2.77556e-16
77 1 0.8 0.6 0 4.51991e-05 3.64292e-17 -2.69229e-15
58 1 0.9 0.5 0 1.38778e-16 -5.80092e-15 -2.94903e-15
79 1 0.9 0.6 0.1 1.38778e-17 1.83881e-16 -3.26128e-16
62 1 0.1 0.7 0 0.0012727 5.89459e-15 -2.92127e-15
64 1 0 0.7 0.1 4.08747e-05 5.93275e-15 2.77556e-17
81 1 0 0.8 0 4.08747e-05 -2.35922e-16 -2.44943e-15
83 1 0.1 0.8 0.1 0.0012727 1.07553e-16 2.18575e-16
66 1 0.3 0.7 0 0.180247 5.53984e-15 -2.3731e-15
68 1 0.2 0.7 0.1 -0.00371535 5.60489e-15 2.77556e-16
85 1 0.2 0.8 0 -0.00371535 -2.77556e-17 -3.07046e-15
87 1 0.3 0.8 0.1 0.180247 -3.11383e-16 4.44089e-16
72 1 0.402766 0.7 0.1 -0.382114 6.14959e-15 -2.77556e-16
89 1 0.402766 0.8 0 -0.382114 2.15106e-16 -2.98025e-15
70 1 0.5 0.7 0 0.207356 5.85816e-15 -3.46945e-15
76 1 0.6 0.7 0.1 -0.00446794 4.69243e-15 -5.55112e-17
91 1 0.5 0.8 0.1 0.207356 -4.7358e-16 4.71845e-16
93 1 0.6 0.8 0 -0.00446794 -2.91434e-16 -3.1572e-15
74 1 0.7 0.7 0 0.00133545 5.23886e-15 -2.88658e-15
80 1 0.8 0.7 0.1 4.51991e-05 5.75755e-15 5.89806e-17
95 1 0.7 0.8 0.1 0.00133545 -1.94289e-16 1.11022e-16
97 1 0.8 0.8 0 4.51991e-05 0 -2.64372e-15
78 1 0.9 0.7 0 1.11022e-16 5.70377e-15 -2.09555e-15
99 1 0.9 0.8 0.1 1.45717e-16 -2.46331e-16 9.02056e-17
82 1 0.1 0.9 0 0.0012727 -4.68375e-17 -2.88658e-15
84 1 0 0.9 0.1 4.08747e-05 -2.77556e-17 4.16334e-16
86 1 0.3 0.9 0 0.180247 -4.51028e-17 -2.69229e-15
88 1 0.2 0.9 0.1 -0.00371535 6.59195e-17 5.55112e-16
92 1 0.402766 0.9 0.1 -0.382114 -3.36536e-16 6.245e-17
90 1 0.5 0.9 0 0.207356 -4.16334e-17 -4.01068e-15
96 1 0.6 0.9 0.1 -0.00446794 1.38778e-17 1.11022e-16
94 1 0.7 0.9 0 0.00133545 9.02056e-17 -2.58127e-15
100 1 0.8 0.9 0.1 4.51991e-05 5.20417e-17 3.85109e-16
98 1 0.9 0.9 0 -1.38778e-17 4.16334e-17 -2.67841e-15
101 1 0 0 0.2 4.08747e-05 -3.0323e-15 -3.19189e-16
102 1 0.1 0.1 0.2 0.0012727 -1.37043e-16 -3.08781e-16
103 1 0.1 0 0.3 0.0012727 -2.73219e-15 -2.87964e-16
104 1 0 0.1 0.3 4.08747e-05 2.63678e-16 -6.93889e-18
105 1 0.2 0 0.2 -0.00371535 -2.85882e-15 -1.66533e-16
106 1 0.3 0.1 0.2 0.180247 -2.77556e-17 -2.05565e-16
107 1 0.3 0 0.3 0.180247 -3.17801e-15 -2.77556e-16
108 1 0.2 0.1 0.3 -0.00371535 -1.94289e-16 -1.38778e-16
109 1 0.402766 0 0.2 -0.382114 -2.9976e-15 -2.08167e-16
112 1 0.402766 0.1 0.3 -0.382114 2.498e-16 -1.04083e-17
110 1 0.5 0.1 0.2 0.207356 0 -4.7011e-16
111 1 0.5 0 0.3 0.207356 -3.85803e-15 -4.85723e-17
113 1 0.6 0 0.2 -0.00446794 -2.80331e-15 -1.38778e-17
116 1 0.6 0.1 0.3 -0.00446794 -5.55112e-17 -2.42861e-17
114 1 0.7 0.1 0.2 0.00133545 -2.22045e-16 -3.31332e-16
115 1 0.7 0 0.3 0.00133545 -2.60902e-15 -3.33067e-16
117 1 0.8 0 0.2 4.51991e-05 -3.40353e-15 -3.81639e-17
120 1 0.8 0.1 0.3 4.51991e-05 1.66533e-16 -2.56739e-16
118 1 0.9 0.1 0.2 4.51028e-17 3.67761e-16 -1.94289e-16
119 1 0.9 0 0.3 -1.31839e-16 -3.15026e-15 -4.02456e-16
121 1 0 0.2 0.2 4.08747e-05 -3.46945e-17 0
122 1 0.1 0.3 0.2 0.0012727 -1.56125e-17 -3.07046e-16
123 1 0.1 0.2 0.3 0.0012727 -6.93889e-18 3.46945e-18
124 1 0 0.3 0.3 4.08747e-05 -2.22045e-16 -3.46945e-17
125 1 0.2 0.2 0.2 -0.00371535 -3.29597e-17 -6.245e-17
126 1 0.3 0.3 0.2 0.180247 7.54605e-17 -2.09902e-16
127 1 0.3 0.2 0.3 0.180247 1.71738e-16 -1.19696e-16
128 1 0.2 0.3 0.3 -0.00371535 1.21431e-17 1.04083e-17
129 1 0.402766 0.2 0.2 -0.382114 -1.56125e-17 -4.51028e-17
132 1 0.402766 0.3 0.3 -0.382114 -1.09288e-16 -7.28584e-17
130 1 0.5 0.3 0.2 0.207356 -2.94903e-16 -8.32667e-17
131 1 0.5 0.2 0.3 0.207356 -5.20417e-18 -3.22659e-16
133 1 0.6 0.2 0.2 -0.00446794 -9.02056e-17 -6.245e-17
136 1 0.6 0.3 0.3 -0.00446794 -2.61943e-16 -2.498e-16
134 1 0.7 0.3 0.2 0.00133545 6.93889e-18 -1.52656e-16
135 1 0.7 0.2 0.3 0.00133545 -2.15106e-16 1.73472e-16
137 1 0.8 0.2 0.2 4.51991e-05 -3.64292e-16 -3.62557e-16
140 1 0.8 0.3 0.3 4.51991e-05 1.9082e-17 1.63064e-16
138 1 0.9 0.3 0.2 2.28983e-16 -1.42247e-16 -3.53884e-16
139 1 0.9 0.2 0.3 4.16334e-17 -2.77556e-17 -3.53884e-16
141 1 0 0.4 0.2 4.08747e-05 3.13638e-15 1.38778e-17
143 1 0.1 0.4 0.3 0.0012727 3.13811e-15 8.1532e-17
145 1 0.2 0.4 0.2 -0.00371535 2.90393e-15 -1.8735e-16
147 1 0.3 0.4 0.3 0.180247 2.77035e-15 1.21431e-16
149 1 0.402766 0.4 0.2 -0.382114 3.2023e-15 -1.21431e-16
151 1 0.5 0.4 0.3 0.207356 3.7019e-15 2.87964e-16
153 1 0.6 0.4 0.2 -0.00446794 3.30812e-15 -2.04697e-16
155 1 0.7 0.4 0.3 0.00133545 3.27689e-15 -1.42247e-16
157 1 0.8 0.4 0.2 4.51991e-05 3.01495e-15 8.67362e-18
159 1 0.9 0.4 0.3 4.16334e-17 2.85882e-15 -3.747e-16
142 1 0.1 0.5 0.2 0.0012727 -5.08621e-15 -8.67362e-18
144 1 0 0.5 0.3 4.08747e-05 -5.9952e-15 -9.02056e-17
161 1 0 0.6 0.2 4.08747e-05 0 -1.38778e-16
163 1 0.1 0.6 0.3 0.0012727 -1.21431e-17 -2.51535e-16
146 1 0.3 0.5 0.2 0.180247 -5.35943e-15 1.21431e-17
148 1 0.2 0.5 0.3 -0.00371535 -5.50254e-15 -1.35308e-16
165 1 0.2 0.6 0.2 -0.00371535 1.38778e-17 3.46945e-18
167 1 0.3 0.6 0.3 0.180247 2.25514e-17 4.68375e-17
152 1 0.402766 0.5 0.3 -0.382114 -6.20858e-15 -2.63678e-16
169 1 0.402766 0.6 0.2 -0.382114 1.75207e-16 -1.9082e-16
150 1 0.5 0.5 0.2 0.207356 -5.86683e-15 -3.57353e-16
156 1 0.6 0.5 0.3 -0.00446794 -4.80692e-15 -8.32667e-17
171 1 0.5 0.6 0.3 0.207356 3.62557e-16 6.59195e-17
173 1 0.6 0.6 0.2 -0.00446794 4.33681e-17 2.42861e-17
154 1 0.7 0.5 0.2 0.00133545 -4.96825e-15 1.73472e-17
160 1 0.8 0.5 0.3 4.51991e-05 -5.79224e-15 -2.25514e-16
175 1 0.7 0.6 0.3 0.00133545 5.20417e-18 -2.28983e-16
177 1 0.8 0.6 0.2 4.51991e-05 2.60209e-17 -9.71445e-17
158 1 0.9 0.5 0.2 2.77556e-16 -5.85643e-15 -6.245e-17
179 1 0.9 0.6 0.3 0 5.89806e-17 1.249e-16
162 1 0.1 0.7 0.2 0.0012727 4.96478e-15 -1.33574e-16
164 1 0 0.7 0.3 4.08747e-05 6.06459e-15 -2.77556e-16
181 1 0 0.8 0.2 4.08747e-05 -1.94289e-16 -1.38778e-16
183 1 0.1 0.8 0.3 0.0012727 2.30718e-16 3.81639e-17
166 1 0.3 0.7 0.2 0.180247 5.41147e-15 -3.1225e-17
168 1 0.2 0.7 0.3 -0.00371535 5.46091e-15 2.28983e-16
185 1 0.2 0.8 0.2 -0.00371535 5.75928e-16 -2.35922e-16
187 1 0.3 0.8 0.3 0.180247 -2.70617e-16 -2.58474e-16
172 1 0.402766 0.7 0.3 -0.382114 6.00214e-15 -3.29597e-16
189 1 0.402766 0.8 0.2 -0.382114 2.08167e-17 -1.38778e-17
170 1 0.5 0.7 0.2 0.207356 6.02296e-15 -1.45717e-16
176 1 0.6 0.7 0.3 -0.00446794 4.59875e-15 8.32667e-17
191 1 0.5 0.8 0.3 0.207356 -1.09288e-16 -2.28983e-16
193 1 0.6 0.8 0.2 -0.00446794 -5.06539e-16 -1.70003e-16
174 1 0.7 0.7 0.2 0.00133545 5.05672e-15 -1.14492e-16
180 1 0.8 0.7 0.3 4.51991e-05 5.905e-15 -1.26635e-16
195 1 0.7 0.8 0.3 0.00133545 -2.46331e-16 -4.16334e-17
197 1 0.8 0.8 0.2 4.51991e-05 4.16334e-17 -1.8735e-16
178 1 0.9 0.7 0.2 1.11022e-16 5.7454e-15 -4.16334e-17
199 1 0.9 0.8 0.3 -3.46945e-18 -9.71445e-17 -2.08167e-16
182 1 0.1 0.9 0.2 0.0012727 -4.85723e-17 -1.04083e-17
184 1 0 0.9 0.3 4.08747e-05 -2.77556e-17 -3.40006e-16
186 1 0.3 0.9 0.2 0.180247 9.71445e-17 -7.63278e-17
188 1 0.2 0.9 0.3 -0.00371535 -6.59195e-17 -4.16334e-16
192 1 0.402766 0.9 0.3 -0.382114 -3.36536e-16 4.85723e-17
190 1 0.5 0.9 0.2 0.207356 -1.249e-16 -9.02056e-17
196 1 0.6 0.9 0.3 -0.00446794 1.04083e-16 -7.63278e-17
194 1 0.7 0.9 0.2 0.00133545 1.04083e-16 -1.94289e-16
200 1 0.8 0.9 0.3 4.51991e-05 2.94903e-16 -4.51028e-17
198 1 0.9 0.9 0.2 1.38778e-17 5.55112e-17 -2.15106e-16
201 1 0 0 0.4 4.08747e-05 -2.98372e-15 3.17107e-15
202 1 0.1 0.1 0.4 0.0012727 -2.51535e-16 3.26128e-15
205 1 0.2 0 0.4 -0.00371535 -2.83107e-15 3.11556e-15
206 1 0.3 0.1 0.4 0.180247 1.11022e-16 2.72699e-15
209 1 0.402766 0 0.4 -0.382114 -3.30291e-15 3.16414e-15
210 1 0.5 0.1 0.4 0.207356 -3.05311e-16 4.08701e-15
213 1 0.6 0 0.4 -0.00446794 -2.72005e-15 3.04617e-15
214 1 0.7 0.1 0.4 0.00133545 -2.22045e-16 3.1572e-15
217 1 0.8 0 0.4 4.51991e-05 -2.9525e-15 2.82413e-15
218 1 0.9 0.1 0.4 4.85723e-17 1.56125e-16 2.95597e-15
221 1 0 0.2 0.4 4.08747e-05 1.35308e-16 3.13638e-15
222 1 0.1 0.3 0.4 0.0012727 6.93889e-17 3.21965e-15
225 1 0.2 0.2 0.4 -0.00371535 1.66533e-16 2.96638e-15
226 1 0.3 0.3 0.4 0.180247 1.89085e-16 2.77989e-15
229 1 0.402766 0.2 0.4 -0.382114 1.59595e-16 3.21791e-15
230 1 0.5 0.3 0.4 0.207356 2.25514e-16 4.0315e-15
233 1 0.6 0.2 0.4 -0.00446794 -2.42861e-17 3.44343e-15
234 1 0.7 0.3 0.4 0.00133545 -1.21431e-16 3.31159e-15
237 1 0.8 0.2 0.4 4.51991e-05 1.2837e-16 3.14332e-15
238 1 0.9 0.3 0.4 6.245e-17 -1.94289e-16 3.37924e-15
241 1 0 0.4 0.4 4.08747e-05 3.16414e-15 3.28904e-15
245 1 0.2 0.4 0.4 -0.00371535 3.04617e-15 2.97679e-15
249 1 0.402766 0.4 0.4 -0.382114 3.12597e-15 3.29251e-15
253 1 0.6 0.4 0.4 -0.00446794 3.16414e-15 3.15026e-15
257 1 0.8 0.4 0.4 4.51991e-05 3.17454e-15 3.35496e-15
242 1 0.1 0.5 0.4 0.0012727 -5.80438e-15 3.02189e-15
261 1 0 0.6 0.4 4.08747e-05 -2.77556e-17 3.53884e-15
246 1 0.3 0.5 0.4 0.180247 -5.49213e-15 2.81806e-15
265 1 0.2 0.6 0.4 -0.00371535 1.99493e-17 2.71051e-15
269 1 0.402766 0.6 0.4 -0.382114 3.1225e-17 3.22659e-15
250 1 0.5 0.5 0.4 0.207356 -6.05072e-15 3.73312e-15
273 1 0.6 0.6 0.4 -0.00446794 3.41741e-16 2.66107e-15
254 1 0.7 0.5 0.4 0.00133545 -5.32213e-15 2.70617e-15
277 1 0.8 0.6 0.4 4.51991e-05 1.47451e-16 3.66721e-15
258 1 0.9 0.5 0.4 5.55112e-17 -5.84255e-15 3.407e-15
262 1 0.1 0.7 0.4 0.0012727 5.5702e-15 2.88311e-15
281 1 0 0.8 0.4 4.08747e-05 -3.60822e-16 3.31679e-15
266 1 0.3 0.7 0.4 0.180247 5.41234e-15 2.46331e-15
285 1 0.2 0.8 0.4 -0.00371535 -3.67761e-16 2.82413e-15
289 1 0.402766 0.8 0.4 -0.382114 -1.17961e-16 3.14332e-15
270 1 0.5 0.7 0.4 0.207356 5.88071e-15 3.29771e-15
293 1 0.6 0.8 0.4 -0.00446794 -2.42861e-16 2.87964e-15
274 1 0.7 0.7 0.4 0.00133545 5.12784e-15 2.94556e-15
297 1 0.8 0.8 0.4 4.51991e-05 -3.88578e-16 2.8727e-15
278 1 0.9 0.7 0.4 5.55112e-17 5.75928e-15 3.28904e-15
282 1 0.1 0.9 0.4 0.0012727 2.63678e-16 3.58047e-15
286 1 0.3 0.9 0.4 0.180247 -8.32667e-17 2.26902e-15
290 1 0.5 0.9 0.4 0.207356 3.60822e-16 3.35149e-15
294 1 0.7 0.9 0.4 0.00133545 2.42861e-16 3.32373e-15
298 1 0.9 0.9 0.4 -8.32667e-17 6.93889e-17 2.4078e-15
203 1 0.1 0 0.5 0.0012727 -3.14679e-15 -6.00561e-15
204 1 0 0.1 0.5 4.08747e-05 5.55112e-17 -5.80785e-15
301 1 0 0 0.6 4.08747e-05 -2.76168e-15 -6.93889e-18
302 1 0.1 0.1 0.6 0.0012727 2.8276e-16 3.46945e-17
207 1 0.3 0 0.5 0.180247 -2.84495e-15 -5.46785e-15
208 1 0.2 0.1 0.5 -0.00371535 2.22045e-16 -5.50775e-15
305 1 0.2 0 0.6 -0.00371535 -3.02536e-15 -2.77556e-17
306 1 0.3 0.1 0.6 0.180247 5.55112e-17 6.59195e-17
212 1 0.402766 0.1 0.5 -0.382114 1.11022e-16 -6.09929e-15
309 1 0.402766 0 0.6 -0.382114 -3.16414e-15 5.55112e-17
211 1 0.5 0 0.5 0.207356 -3.44169e-15 -5.7454e-15
216 1 0.6 0.1 0.5 -0.00446794 -5.55112e-17 -4.91794e-15
310 1 0.5 0.1 0.6 0.207356 -1.38778e-16 9.02056e-17
313 1 0.6 0 0.6 -0.00446794 -2.94209e-15 -2.08167e-17
215 1 0.7 0 0.5 0.00133545 -2.9976e-15 -5.30131e-15
220 1 0.8 0.1 0.5 4.51991e-05 1.94289e-16 -5.64132e-15
314 1 0.7 0.1 0.6 0.00133545 1.66533e-16 6.93889e-18
317 1 0.8 0 0.6 4.51991e-05 -2.63678e-15 1.56125e-17
219 1 0.9 0 0.5 1.249e-16 -3.02536e-15 -5.81479e-15
318 1 0.9 0.1 0.6 0 -4.16334e-16 2.498e-16
223 1 0.1 0.2 0.5 0.0012727 1.73472e-17 -5.08968e-15
224 1 0 0.3 0.5 4.08747e-05 -8.32667e-17 -6.17562e-15
321 1 0 0.2 0.6 4.08747e-05 -1.63064e-16 4.85723e-17
322 1 0.1 0.3 0.6 0.0012727 -2.23779e-16 3.98986e-17
227 1 0.3 0.2 0.5 0.180247 -1.47451e-17 -5.69336e-15
228 1 0.2 0.3 0.5 -0.00371535 -1.35308e-16 -5.64479e-15
325 1 0.2 0.2 0.6 -0.00371535 -3.46945e-18 -1.04083e-17
326 1 0.3 0.3 0.6 0.180247 6.07153e-17 5.46438e-17
232 1 0.402766 0.3 0.5 -0.382114 1.21431e-17 -6.23807e-15
329 1 0.402766 0.2 0.6 -0.382114 -3.46945e-17 -1.38778e-17
231 1 0.5 0.2 0.5 0.207356 -5.20417e-18 -5.92582e-15
236 1 0.6 0.3 0.5 -0.00446794 -8.32667e-17 -4.76008e-15
330 1 0.5 0.3 0.6 0.207356 1.45717e-16 -9.88792e-17
333 1 0.6 0.2 0.6 -0.00446794 1.11022e-16 -1.2837e-16
235 1 0.7 0.2 0.5 0.00133545 1.73472e-17 -5.1556e-15
240 1 0.8 0.3 0.5 4.51991e-05 -2.77556e-16 -6.00214e-15
334 1 0.7 0.3 0.6 0.00133545 -2.22045e-16 5.20417e-18
337 1 0.8 0.2 0.6 4.51991e-05 -1.47451e-16 3.46945e-18
239 1 0.9 0.2 0.5 1.66533e-16 -1.38778e-17 -5.98827e-15
338 1 0.9 0.3 0.6 0 -4.85723e-17 -1.66533e-16
243 1 0.1 0.4 0.5 0.0012727 2.97679e-15 -5.84602e-15
341 1 0 0.4 0.6 4.08747e-05 3.56659e-15 -1.38778e-17
247 1 0.3 0.4 0.5 0.180247 2.93602e-15 -5.62397e-15
345 1 0.2 0.4 0.6 -0.00371535 2.73826e-15 1.82146e-17
349 1 0.402766 0.4 0.6 -0.382114 3.02189e-15 2.18575e-16
251 1 0.5 0.4 0.5 0.207356 3.25608e-15 -5.95704e-15
353 1 0.6 0.4 0.6 -0.00446794 2.71311e-15 -1.49186e-16
255 1 0.7 0.4 0.5 0.00133545 2.73219e-15 -5.13131e-15
357 1 0.8 0.4 0.6 4.51991e-05 3.51802e-15 -9.71445e-17
259 1 0.9 0.4 0.5 8.32667e-17 3.2474e-15 -5.93969e-15
244 1 0 0.5 0.5 4.08747e-05 -5.4505e-15 -5.44009e-15
263 1 0.1 0.6 0.5 0.0012727 -3.1225e-17 -4.12344e-15
342 1 0.1 0.5 0.6 0.0012727 -3.97946e-15 -2.08167e-17
361 1 0 0.6 0.6 4.08747e-05 1.66533e-16 -6.93889e-18
248 1 0.2 0.5 0.5 -0.00371535 -5.00121e-15 -5.0307e-15
267 1 0.3 0.6 0.5 0.180247 1.64799e-17 -4.38018e-15
346 1 0.3 0.5 0.6 0.180247 -4.46344e-15 1.96891e-16
365 1 0.2 0.6 0.6 -0.00371535 -1.64799e-17 2.34188e-17
252 1 0.402766 0.5 0.5 -0.382114 -5.66908e-15 -5.50254e-15
369 1 0.402766 0.6 0.6 -0.382114 -2.77556e-17 1.38778e-17
256 1 0.6 0.5 0.5 -0.00446794 -4.09915e-15 -4.04884e-15
271 1 0.5 0.6 0.5 0.207356 1.38778e-17 -4.46865e-15
350 1 0.5 0.5 0.6 0.207356 -4.64212e-15 -3.1225e-17
373 1 0.6 0.6 0.6 -0.00446794 0 -2.42861e-17
260 1 0.8 0.5 0.5 4.51991e-05 -5.27356e-15 -5.25968e-15
275 1 0.7 0.6 0.5 0.00133545 1.94289e-16 -3.91354e-15
354 1 0.7 0.5 0.6 0.00133545 -3.74006e-15 -1.249e-16
377 1 0.8 0.6 0.6 4.51991e-05 1.38778e-16 4.33681e-17
279 1 0.9 0.6 0.5 8.32667e-17 -3.46945e-18 -5.06539e-15
358 1 0.9 0.5 0.6 1.45717e-16 -4.95437e-15 -2.01228e-16
264 1 0 0.7 0.5 4.08747e-05 5.2458e-15 -5.45397e-15
283 1 0.1 0.8 0.5 0.0012727 1.73472e-16 -5.63265e-15
362 1 0.1 0.7 0.6 0.0012727 4.22232e-15 -3.46945e-17
381 1 0 0.8 0.6 4.08747e-05 -2.91434e-16 2.77556e-17
268 1 0.2 0.7 0.5 -0.00371535 5.10356e-15 -5.11396e-15
287 1 0.3 0.8 0.5 0.180247 -1.52656e-16 -5.51642e-15
366 1 0.3 0.7 0.6 0.180247 4.39405e-15 2.60209e-17
385 1 0.2 0.8 0.6 -0.00371535 3.1225e-16 -1.73472e-18
272 1 0.402766 0.7 0.5 -0.382114 5.76796e-15 -5.50254e-15
389 1 0.402766 0.8 0.6 -0.382114 -1.14492e-16 -2.94903e-17
276 1 0.6 0.7 0.5 -0.00446794 3.98639e-15 -4.09395e-15
291 1 0.5 0.8 0.5 0.207356 2.01228e-16 -5.5754e-15
370 1 0.5 0.7 0.6 0.207356 4.59008e-15 5.72459e-17
393 1 0.6 0.8 0.6 -0.00446794 6.93889e-17 -1.14492e-16
280 1 0.8 0.7 0.5 4.51991e-05 5.24927e-15 -5.43489e-15
295 1 0.7 0.8 0.5 0.00133545 2.77556e-17 -5.21111e-15
374 1 0.7 0.7 0.6 0.00133545 3.75741e-15 -2.96638e-16
397 1 0.8 0.8 0.6 4.51991e-05 -3.95517e-16 1.04083e-17
299 1 0.9 0.8 0.5 6.245e-17 -4.51028e-16 -5.93969e-15
378 1 0.9 0.7 0.6 -1.38778e-17 4.76008e-15 -6.93889e-18
284 1 0 0.9 0.5 4.08747e-05 8.32667e-17 -6.00214e-15
382 1 0.1 0.9 0.6 0.0012727 3.46945e-17 5.0307e-17
288 1 0.2 0.9 0.5 -0.00371535 6.245e-17 -5.66214e-15
386 1 0.3 0.9 0.6 0.180247 -4.82253e-16 -3.46945e-17
292 1 0.402766 0.9 0.5 -0.382114 9.71445e-17 -6.10623e-15
296 1 0.6 0.9 0.5 -0.00446794 2.15106e-16 -4.73926e-15
390 1 0.5 0.9 0.6 0.207356 3.26128e-16 1.38778e-17
300 1 0.8 0.9 0.5 4.51991e-05 9.71445e-17 -5.99694e-15
394 1 0.7 0.9 0.6 0.00133545 1.45717e-16 -1.73472e-16
398 1 0.9 0.9 0.6 4.16334e-17 -2.77556e-17 -6.93889e-17
303 1 0.1 0 0.7 0.0012727 -3.11556e-15 5.75755e-15
304 1 0 0.1 0.7 4.08747e-05 5.55112e-17 5.91194e-15
401 1 0 0 0.8 4.08747e-05 -2.44249e-15 -9.71445e-17
402 1 0.1 0.1 0.8 0.0012727 1.07553e-16 2.77556e-17
307 1 0.3 0 0.7 0.180247 -2.8727e-15 5.57887e-15
308 1 0.2 0.1 0.7 -0.00371535 1.38778e-16 5.57714e-15
405 1 0.2 0 0.8 -0.00371535 -3.08087e-15 -1.38778e-17
406 1 0.3 0.1 0.8 0.180247 1.66533e-16 1.2837e-16
312 1 0.402766 0.1 0.7 -0.382114 1.11022e-16 5.98133e-15
409 1 0.402766 0 0.8 -0.382114 -3.13638e-15 1.59595e-16
311 1 0.5 0 0.7 0.207356 -3.88578e-15 5.84255e-15
316 1 0.6 0.1 0.7 -0.00446794 -4.71845e-16 4.64039e-15
410 1 0.5 0.1 0.8 0.207356 2.77556e-16 -1.21431e-16
413 1 0.6 0 0.8 -0.00446794 -3.16414e-15 -2.84495e-16
315 1 0.7 0 0.7 0.00133545 -3.08087e-15 5.25968e-15
320 1 0.8 0.1 0.7 4.51991e-05 2.60209e-17 5.58928e-15
414 1 0.7 0.1 0.8 0.00133545 8.32667e-17 -2.08167e-16
417 1 0.8 0 0.8 4.51991e-05 -2.70096e-15 1.5786e-16
319 1 0.9 0 0.7 1.11022e-16 -2.19269e-15 5.77316e-15
418 1 0.9 0.1 0.8 1.80411e-16 0 -1.94289e-16
323 1 0.1 0.2 0.7 0.0012727 6.93889e-18 5.16254e-15
324 1 0 0.3 0.7 4.08747e-05 -1.38778e-16 6.23807e-15
421 1 0 0.2 0.8 4.08747e-05 -3.46945e-17 -3.46945e-17
422 1 0.1 0.3 0.8 0.0012727 -1.99493e-16 -2.2031e-16
327 1 0.3 0.2 0.7 0.180247 1.63931e-16 5.63785e-15
328 1 0.2 0.3 0.7 -0.00371535 -1.31839e-16 5.68989e-15
425 1 0.2 0.2 0.8 -0.00371535 1.73472e-16 2.46331e-16
426 1 0.3 0.3 0.8 0.180247 -8.23994e-17 -2.84495e-16
332 1 0.402766 0.3 0.7 -0.382114 3.46945e-18 5.97786e-15
429 1 0.402766 0.2 0.8 -0.382114 -1.83881e-16 -1.8735e-16
331 1 0.5 0.2 0.7 0.207356 1.05818e-16 6.22072e-15
336 1 0.6 0.3 0.7 -0.00446794 -1.61329e-16 4.59008e-15
430 1 0.5 0.3 0.8 0.207356 -1.35308e-16 -3.22659e-16
433 1 0.6 0.2 0.8 -0.00446794 1.47451e-16 -3.19189e-16
335 1 0.7 0.2 0.7 0.00133545 1.5786e-16 4.88151e-15
340 1 0.8 0.3 0.7 4.51991e-05 -2.15106e-16 5.72459e-15
434 1 0.7 0.3 0.8 0.00133545 -2.04697e-16 -3.46945e-17
437 1 0.8 0.2 0.8 4.51991e-05 -4.51028e-17 -9.02056e-17
339 1 0.9 0.2 0.7 1.66533e-16 -6.93889e-17 5.71071e-15
438 1 0.9 0.3 0.8 3.26128e-16 -3.46945e-16 1.04083e-16
343 1 0.1 0.4 0.7 0.0012727 2.8276e-15 5.74714e-15
441 1 0 0.4 0.8 4.08747e-05 2.88658e-15 -1.94289e-16
347 1 0.3 0.4 0.7 0.180247 2.81372e-15 5.6205e-15
445 1 0.2 0.4 0.8 -0.00371535 2.65586e-15 -4.75314e-16
449 1 0.402766 0.4 0.8 -0.382114 3.34975e-15 -3.1572e-16
351 1 0.5 0.4 0.7 0.207356 3.54924e-15 5.97439e-15
453 1 0.6 0.4 0.8 -0.00446794 2.92648e-15 -2.81025e-16
355 1 0.7 0.4 0.7 0.00133545 2.73739e-15 4.91274e-15
457 1 0.8 0.4 0.8 4.51991e-05 3.15026e-15 -9.02056e-17
359 1 0.9 0.4 0.7 3.33067e-16 3.10862e-15 5.71765e-15
344 1 0 0.5 0.7 4.08747e-05 -5.29785e-15 5.23193e-15
363 1 0.1 0.6 0.7 0.0012727 8.67362e-18 4.24834e-15
442 1 0.1 0.5 0.8 0.0012727 -5.95531e-15 -1.52656e-16
461 1 0 0.6 0.8 4.08747e-05 0 -4.44089e-16
348 1 0.2 0.5 0.7 -0.00371535 -5.00815e-15 5.10356e-15
367 1 0.3 0.6 0.7 0.180247 -1.50054e-16 4.34028e-15
446 1 0.3 0.5 0.8 0.180247 -5.62831e-15 -1.9082e-16
465 1 0.2 0.6 0.8 -0.00371535 1.64799e-16 -3.60822e-16
352 1 0.402766 0.5 0.7 -0.382114 -5.66908e-15 5.47132e-15
469 1 0.402766 0.6 0.8 -0.382114 1.73472e-18 -3.1225e-16
356 1 0.6 0.5 0.7 -0.00446794 -4.09221e-15 3.93782e-15
371 1 0.5 0.6 0.7 0.207356 1.73472e-17 4.57273e-15
450 1 0.5 0.5 0.8 0.207356 -5.59275e-15 4.51028e-17
473 1 0.6 0.6 0.8 -0.00446794 0 3.46945e-17
360 1 0.8 0.5 0.7 4.51991e-05 -4.99427e-15 5.16254e-15
375 1 0.7 0.6 0.7 0.00133545 -3.1225e-17 3.97599e-15
454 1 0.7 0.5 0.8 0.00133545 -4.99253e-15 3.88578e-16
477 1 0.8 0.6 0.8 4.51991e-05 -3.46945e-18 -2.22045e-16
379 1 0.9 0.6 0.7 2.08167e-16 2.08167e-17 4.75314e-15
458 1 0.9 0.5 0.8 2.08167e-16 -5.9952e-15 -3.33067e-16
364 1 0 0.7 0.7 4.08747e-05 5.22499e-15 5.22499e-15
383 1 0.1 0.8 0.7 0.0012727 -2.42861e-17 5.79398e-15
462 1 0.1 0.7 0.8 0.0012727 6.07847e-15 -1.94289e-16
481 1 0 0.8 0.8 4.08747e-05 -4.44089e-16 -4.78784e-16
368 1 0.2 0.7 0.7 -0.00371535 5.1608e-15 5.1556e-15
387 1 0.3 0.8 0.7 0.180247 -1.38778e-16 5.70377e-15
466 1 0.3 0.7 0.8 0.180247 5.72545e-15 -1.99493e-16
485 1 0.2 0.8 0.8 -0.00371535 4.51028e-17 9.02056e-17
372 1 0.402766 0.7 0.7 -0.382114 5.60663e-15 5.44703e-15
489 1 0.402766 0.8 0.8 -0.382114 6.59195e-17 2.77556e-17
376 1 0.6 0.7 0.7 -0.00446794 3.96731e-15 3.96558e-15
391 1 0.5 0.8 0.7 0.207356 3.19189e-16 5.57193e-15
470 1 0.5 0.7 0.8 0.207356 5.54591e-15 3.08781e-16
493 1 0.6 0.8 0.8 -0.00446794 3.76435e-16 5.51642e-16
380 1 0.8 0.7 0.7 4.51991e-05 5.04978e-15 4.87978e-15
395 1 0.7 0.8 0.7 0.00133545 7.63278e-17 4.9058e-15
474 1 0.7 0.7 0.8 0.00133545 4.89539e-15 3.747e-16
497 1 0.8 0.8 0.8 4.51991e-05 -3.48679e-16 -2.32453e-16
399 1 0.9 0.8 0.7 2.42861e-16 -3.1225e-16 5.61357e-15
478 1 0.9 0.7 0.8 1.80411e-16 5.66214e-15 -3.46945e-16
384 1 0 0.9 0.7 4.08747e-05 8.32667e-17 5.68295e-15
482 1 0.1 0.9 0.8 0.0012727 2.42861e-17 -4.44089e-16
388 1 0.2 0.9 0.7 -0.00371535 9.02056e-17 5.62744e-15
486 1 0.3 0.9 0.8 0.180247 -1.73472e-16 -1.73472e-16
392 1 0.402766 0.9 0.7 -0.382114 -2.77556e-17 6.08541e-15
396 1 0.6 0.9 0.7 -0.00446794 2.28983e-16 4.7809e-15
490 1 0.5 0.9 0.8 0.207356 1.73472e-16 8.32667e-17
400 1 0.8 0.9 0.7 4.51991e-05 2.63678e-16 5.64479e-15
494 1 0.7 0.9 0.8 0.00133545 1.56125e-16 -1.59595e-16
498 1 0.9 0.9 0.8 -1.249e-16 2.77556e-16 2.35922e-16
403 1 0.1 0 0.9 0.0012727 -2.64198e-15 4.85723e-17
404 1 0 0.1 0.9 4.08747e-05 1.66533e-16 5.55112e-17
407 1 0.3 0 0.9 0.180247 -2.66454e-15 -1.66533e-16
408 1 0.2 0.1 0.9 -0.00371535 1.66533e-16 2.32453e-16
412 1 0.402766 0.1 0.9 -0.382114 -2.77556e-17 -3.08781e-16
411 1 0.5 0 0.9 0.207356 -3.80251e-15 -1.52656e-16
416 1 0.6 0.1 0.9 -0.00446794 5.55112e-17 2.77556e-17
415 1 0.7 0 0.9 0.00133545 -2.77556e-15 1.8735e-16
420 1 0.8 0.1 0.9 4.51991e-05 2.77556e-17 3.747e-16
419 1 0.9 0 0.9 -2.77556e-17 -3.06699e-15 -1.80411e-16
423 1 0.1 0.2 0.9 0.0012727 1.04083e-17 -1.249e-16
424 1 0 0.3 0.9 4.08747e-05 -1.80411e-16 -1.59595e-16
427 1 0.3 0.2 0.9 0.180247 -3.46945e-18 2.60209e-18
428 1 0.2 0.3 0.9 -0.00371535 -1.38778e-17 -1.49186e-16
432 1 0.402766 0.3 0.9 -0.382114 1.66533e-16 -3.98986e-17
431 1 0.5 0.2 0.9 0.207356 -2.04697e-16 -1.23165e-16
436 1 0.6 0.3 0.9 -0.00446794 -4.85723e-17 9.19403e-17
435 1 0.7 0.2 0.9 0.00133545 0 4.68375e-17
440 1 0.8 0.3 0.9 4.51991e-05 -2.01228e-16 5.06539e-16
439 1 0.9 0.2 0.9 1.11022e-16 -5.55112e-17 -2.77556e-17
443 1 0.1 0.4 0.9 0.0012727 3.11209e-15 6.93889e-18
447 1 0.3 0.4 0.9 0.180247 2.3332e-15 -1.50921e-16
451 1 0.5 0.4 0.9 0.207356 3.35322e-15 3.31332e-16
455 1 0.7 0.4 0.9 0.00133545 3.35496e-15 1.12757e-16
459 1 0.9 0.4 0.9 5.55112e-17 2.31759e-15 -6.93889e-18
444 1 0 0.5 0.9 4.08747e-05 -5.79051e-15 2.77556e-17
463 1 0.1 0.6 0.9 0.0012727 6.93889e-18 2.08167e-16
448 1 0.2 0.5 0.9 -0.00371535 -5.77316e-15 -8.67362e-18
467 1 0.3 0.6 0.9 0.180247 -1.9082e-17 -4.61436e-16
452 1 0.402766 0.5 0.9 -0.382114 -6.26929e-15 -1.04083e-17
456 1 0.6 0.5 0.9 -0.00446794 -4.85376e-15 1.21431e-17
471 1 0.5 0.6 0.9 0.207356 2.42861e-17 3.36536e-16
460 1 0.8 0.5 0.9 4.51991e-05 -5.91714e-15 3.46945e-17
475 1 0.7 0.6 0.9 0.00133545 5.20417e-18 4.68375e-17
479 1 0.9 0.6 0.9 -7.63278e-17 -1.38778e-17 1.31839e-16
464 1 0 0.7 0.9 4.08747e-05 5.75581e-15 2.08167e-17
483 1 0.1 0.8 0.9 0.0012727 -4.02456e-16 6.59195e-17
468 1 0.2 0.7 0.9 -0.00371535 5.8252e-15 1.12757e-16
487 1 0.3 0.8 0.9 0.180247 -1.66533e-16 -7.97973e-17
472 1 0.402766 0.7 0.9 -0.382114 6.245e-15 1.04083e-17
476 1 0.6 0.7 0.9 -0.00446794 4.90233e-15 1.92554e-16
491 1 0.5 0.8 0.9 0.207356 4.16334e-17 1.73472e-16
480 1 0.8 0.7 0.9 4.51991e-05 5.72285e-15 2.77556e-17
495 1 0.7 0.8 0.9 0.00133545 -3.46945e-16 4.85723e-17
499 1 0.9 0.8 0.9 -8.32667e-17 1.31839e-16 1.11022e-16
484 1 0 0.9 0.9 4.08747e-05 2.22045e-16 -2.77556e-17
488 1 0.2 0.9 0.9 -0.00371535 2.35922e-16 1.31839e-16
492 1 0.402766 0.9 0.9 -0.382114 -2.15106e-16 -2.35922e-16
496 1 0.6 0.9 0.9 -0.00446794 6.93889e-17 6.93889e-18
500 1 0.8 0.9 0.9 4.51991e-05 2.08167e-16 -2.42861e-17
1 1 0 0 0 4.08747e-05 -2.65066e-15 -2.9976e-15
2 1 0.1 0.1 0 0.0012727 1.97758e-16 -3.03577e-15
3 1 0.1 0 0.1 0.0012727 -2.98025e-15 3.1225e-16
4 1 0 0.1 0.1 4.08747e-05 2.498e-16 2.91434e-16
5 1 0.2 0 0 -0.00371535 -2.83107e-15 -2.80331e-15
6 1 0.3 0.1 0 0.180247 4.996e-16 -2.17881e-15
7 1 0.3 0 0.1 0.180247 -2.72005e-15 2.22045e-16
8 1 0.2 0.1 0.1 -0.00371535 -2.77556e-16 -7.97973e-17
9 1 0.402766 0 0 -0.382114 -3.10862e-15 -3.01148e-15
12 1 0.402766 0.1 0.1 -0.382114 8.32667e-17 3.1225e-17
10 1 0.5 0.1 0 0.207356 5.27356e-16 -3.22659e-15
11 1 0.5 0 0.1 0.207356 -3.19189e-15 5.27356e-16
13 1 0.6 0 0 -0.00446794 -3.2474e-15 -3.16414e-15
16 1 0.6 0.1 0.1 -0.00446794 -2.77556e-17 1.04083e-16
14 1 0.7 0.1 0 0.00133545 3.33067e-16 -2.67147e-15
15 1 0.7 0 0.1 0.00133545 -2.69229e-15 4.51028e-16
17 1 0.8 0 0 4.51991e-05 -2.4529e-15 -2.65586e-15
20 1 0.8 0.1 0.1 4.51991e-05 3.60822e-16 4.92661e-16
18 1 0.9 0.1 0 7.63278e-17 3.67761e-16 -2.9074e-15
19 1 0.9 0 0.1 4.85723e-17 -2.88658e-15 3.46945e-16
21 1 0 0.2 0 4.08747e-05 -1.8735e-16 -3.06699e-15
22 1 0.1 0.3 0 0.0012727 -2.89699e-16 -2.59862e-15
23 1 0.1 0.2 0.1 0.0012727 2.25514e-17 6.93889e-18
24 1 0 0.3 0.1 4.08747e-05 -2.77556e-16 3.19189e-16
25 1 0.2 0.2 0 -0.00371535 -1.66533e-16 -2.94209e-15
26 1 0.3 0.3 0 0.180247 9.97466e-17 -2.70617e-15
27 1 0.3 0.2 0.1 0.180247 -1.7087e-16 -1.38778e-16
28 1 0.2 0.3 0.1 -0.00371535 1.42247e-16 -1.11022e-16
29 1 0.402766 0.2 0 -0.382114 -1.33574e-16 -2.96985e-15
32 1 0.402766 0.3 0.1 -0.382114 -9.71445e-17 2.77556e-16
30 1 0.5 0.3 0 0.207356 -2.60209e-16 -3.41394e-15
31 1 0.5 0.2 0.1 0.207356 -3.38271e-16 -1.38778e-16
33 1 0.6 0.2 0 -0.00446794 -1.56125e-17 -2.83107e-15
36 1 0.6 0.3 0.1 -0.00446794 8.50015e-17 5.55112e-17
34 1 0.7 0.3 0 0.00133545 -3.20924e-16 -2.69229e-15
35 1 0.7 0.2 0.1 0.00133545 -3.83374e-16 -1.94289e-16
37 1 0.8 0.2 0 4.51991e-05 -2.94903e-17 -3.18148e-15
40 1 0.8 0.3 0.1 4.51991e-05 -3.1572e-16 3.33067e-16
38 1 0.9 0.3 0 6.245e-17 -3.85109e-16 -3.21271e-15
39 1 0.9 0.2 0.1 -1.38778e-16 -4.16334e-17 4.02456e-16
41 1 0 0.4 0 4.08747e-05 2.9976e-15 -3.01148e-15
43 1 0.1 0.4 0.1 0.0012727 2.86923e-15 -7.97973e-17
45 1 0.2 0.4 0 -0.00371535 2.87964e-15 -2.33147e-15
47 1 0.3 0.4 0.1 0.180247 2.66107e-15 -2.77556e-17
49 1 0.402766 0.4 0 -0.382114 3.3272e-15 -2.83107e-15
51 1 0.5 0.4 0.1 0.207356 3.72792e-15 -3.05311e-16
53 1 0.6 0.4 0 -0.00446794 3.03577e-15 -2.7478e-15
55 1 0.7 0.4 0.1 0.00133545 3.12944e-15 -1.94289e-16
57 1 0.8 0.4 0 4.51991e-05 2.84321e-15 -2.87617e-15
59 1 0.9 0.4 0.1 0 2.91434e-15 2.42861e-16
42 1 0.1 0.5 0 0.0012727 -5.99e-15 -2.7027e-15
44 1 0 0.5 0.1 4.08747e-05 -5.82173e-15 6.93889e-17
61 1 0 0.6 0 4.08747e-05 0 -2.498e-15
63 1 0.1 0.6 0.1 0.0012727 -3.46945e-18 3.66027e-16
46 1 0.3 0.5 0 0.180247 -5.4878e-15 -2.15106e-15
48 1 0.2 0.5 0.1 -0.00371535 -5.54938e-15 -1.94289e-16
65 1 0.2 0.6 0 -0.00371535 1.39645e-16 -2.72005e-15
67 1 0.3 0.6 0.1 0.180247 2.09034e-16 1.66533e-16
52 1 0.402766 0.5 0.1 -0.382114 -6.03684e-15 1.94289e-16
69 1 0.402766 0.6 0 -0.382114 -1.56125e-17 -2.88658e-15
50 1 0.5 0.5 0 0.207356 -5.75581e-15 -3.4972e-15
56 1 0.6 0.5 0.1 -0.00446794 -4.91794e-15 -2.498e-16
71 1 0.5 0.6 0.1 0.207356 1.68268e-16 2.22045e-16
73 1 0.6 0.6 0 -0.00446794 5.20417e-18 -2.72005e-15
54 1 0.7 0.5 0 0.00133545 -5.30652e-15 -2.9976e-15
60 1 0.8 0.5 0.1 4.51991e-05 -5.63612e-15 1.9082e-16
75 1 0.7 0.6 0.1 0.00133545 1.9082e-17 2.77556e-16
77 1 0.8 0.6 0 4.51991e-05 3.64292e-17 -2.69229e-15
58 1 0.9 0.5 0 1.38778e-16 -5.80092e-15 -2.94903e-15
79 1 0.9 0.6 0.1 1.38778e-17 1.83881e-16 -3.26128e-16
62 1 0.1 0.7 0 0.0012727 5.89459e-15 -2.92127e-15
64 1 0 0.7 0.1 4.08747e-05 5.93275e-15 2.77556e-17
81 1 0 0.8 0 4.08747e-05 -2.35922e-16 -2.44943e-15
83 1 0.1 0.8 0.1 0.0012727 1.07553e-16 2.18575e-16
66 1 0.3 0.7 0 0.180247 5.53984e-15 -2.3731e-15
68 1 0.2 0.7 0.1 -0.00371535 5.60489e-15 2.77556e-16
85 1 0.2 0.8 0 -0.00371535 -2.77556e-17 -3.07046e-15
87 1 0.3 0.8 0.1 0.180247 -3.11383e-16 4.44089e-16
72 1 0.402766 0.7 0.1 -0.382114 6.14959e-15 -2.77556e-16
89 1 0.402766 0.8 0 -0.382114 2.15106e-16 -2.98025e-15
70 1 0.5 0.7 0 0.207356 5.85816e-15 -3.46945e-15
76 1 0.6 0.7 0.1 -0.00446794 4.69243e-15 -5.55112e-17
91 1 0.5 0.8 0.1 0.207356 -4.7358e-16 4.71845e-16
93 1 0.6 0.8 0 -0.00446794 -2.91434e-16 -3.1572e-15
74 1 0.7 0.7 0 0.00133545 5.23886e-15 -2.88658e-15
80 1 0.8 0.7 0.1 4.51991e-05 5.75755e-15 5.89806e-17
95 1 0.7 0.8 0.1 0.00133545 -1.94289e-16 1.11022e-16
97 1 0.8 0.8 0 4.51991e-05 0 -2.64372e-15
78 1 0.9 0.7 0 1.11022e-16 5.70377e-15 -2.09555e-15
99 1 0.9 0.8 0.1 1.45717e-16 -2.46331e-16 9.02056e-17
82 1 0.1 0.9 0 0.0012727 -4.68375e-17 -2.88658e-15
84 1 0 0.9 0.1 4.08747e-05 -2.77556e-17 4.16334e-16
86 1 0.3 0.9 0 0.180247 -4.51028e-17 -2.69229e-15
88 1 0.2 0.9 0.1 -0.00371535 6.59195e-17 5.55112e-16
92 1 0.402766 0.9 0.1 -0.382114 -3.36536e-16 6.245e-17
90 1 0.5 0.9 0 0.207356 -4.16334e-17 -4.01068e-15
96 1 0.6 0.9 0.1 -0.00446794 1.38778e-17 1.11022e-16
94 1 0.7 0.9 0 0.00133545 9.02056e-17 -2.58127e-15
100 1 0.8 0.9 0.1 4.51991e-05 5.20417e-17 3.85109e-16
98 1 0.9 0.9 0 -1.38778e-17 4.16334e-17 -2.67841e-15
101 1 0 0 0.2 4.08747e-05 -3.0323e-15 -3.19189e-16
102 1 0.1 0.1 0.2 0.0012727 -1.37043e-16 -3.08781e-16
103 1 0.1 0 0.3 0.0012727 -2.73219e-15 -2.87964e-16
104 1 0 0.1 0.3 4.08747e-05 2.63678e-16 -6.93889e-18
105 1 0.2 0 0.2 -0.00371535 -2.85882e-15 -1.66533e-16
106 1 0.3 0.1 0.2 0.180247 -2.77556e-17 -2.05565e-16
107 1 0.3 0 0.3 0.180247 -3.17801e-15 -2.77556e-16
108 1 0.2 0.1 0.3 -0.00371535 -1.94289e-16 -1.38778e-16
109 1 0.402766 0 0.2 -0.382114 -2.9976e-15 -2.08167e-16
112 1 0.402766 0.1 0.3 -0.382114 2.498e-16 -1.04083e-17
110 1 0.5 0.1 0.2 0.207356 0 -4.7011e-16
111 1 0.5 0 0.3 0.207356 -3.85803e-15 -4.85723e-17
113 1 0.6 0 0.2 -0.00446794 -2.80331e-15 -1.38778e-17
116 1 0.6 0.1 0.3 -0.00446794 -5.55112e-17 -2.42861e-17
114 1 0.7 0.1 0.2 0.00133545 -2.22045e-16 -3.31332e-16
115 1 0.7 0 0.3 0.00133545 -2.60902e-15 -3.33067e-16
117 1 0.8 0 0.2 4.51991e-05 -3.40353e-15 -3.81639e-17
120 1 0.8 0.1 0.3 4.51991e-05 1.66533e-16 -2.56739e-16
118 1 0.9 0.1 0.2 4.51028e-17 3.67761e-16 -1.94289e-16
119 1 0.9 0 0.3 -1.31839e-16 -3.15026e-15 -4.02456e-16
121 1 0 0.2 0.2 4.08747e-05 -3.46945e-17 0
122 1 0.1 0.3 0.2 0.0012727 -1.56125e-17 -3.07046e-16
123 1 0.1 0.2 0.3 0.0012727 -6.93889e-18 3.46945e-18
124 1 0 0.3 0.3 4.08747e-05 -2.22045e-16 -3.46945e-17
125 1 0.2 0.2 0.2 -0.00371535 -3.29597e-17 -6.245e-17
126 1 0.3 0.3 0.2 0.180247 7.54605e-17 -2.09902e-16
127 1 0.3 0.2 0.3 0.180247 1.71738e-16 -1.19696e-16
128 1 0.2 0.3 0.3 -0.00371535 1.21431e-17 1.04083e-17
129 1 0.402766 0.2 0.2 -0.382114 -1.56125e-17 -4.51028e-17
132 1 0.402766 0.3 0.3 -0.382114 -1.09288e-16 -7.28584e-17
130 1 0.5 0.3 0.2 0.207356 -2.94903e-16 -8.32667e-17
131 1 0.5 0.2 0.3 0.207356 -5.20417e-18 -3.22659e-16
133 1 0.6 0.2 0.2 -0.00446794 -9.02056e-17 -6.245e-17
136 1 0.6 0.3 0.3 -0.00446794 -2.61943e-16 -2.498e-16
134 1 0.7 0.3 0.2 0.00133545 6.93889e-18 -1.52656e-16
135 1 0.7 0.2 0.3 0.00133545 -2.15106e-16 1.73472e-16
137 1 0.8 0.2 0.2 4.51991e-05 -3.64292e-16 -3.62557e-16
140 1 0.8 0.3 0.3 4.51991e-05 1.9082e-17 1.63064e-16
138 1 0.9 0.3 0.2 2.28983e-16 -1.42247e-16 -3.53884e-16
139 1 0.9 0.2 0.3 4.16334e-17 -2.77556e-17 -3.53884e-16
141 1 0 0.4 0.2 4.08747e-05 3.13638e-15 1.38778e-17
143 1 0.1 0.4 0.3 0.0012727 3.13811e-15 8.1532e-17
145 1 0.2 0.4 0.2 -0.00371535 2.90393e-15 -1.8735e-16
147 1 0.3 0.4 0.3 0.180247 2.77035e-15 1.21431e-16
149 1 0.402766 0.4 0.2 -0.382114 3.2023e-15 -1.21431e-16
151 1 0.5 0.4 0.3 0.207356 3.7019e-15 2.87964e-16
153 1 0.6 0.4 0.2 -0.00446794 3.30812e-15 -2.04697e-16
155 1 0.7 0.4 0.3 0.00133545 3.27689e-15 -1.42247e-16
157 1 0.8 0.4 0.2 4.51991e-05 3.01495e-15 8.67362e-18
159 1 0.9 0.4 0.3 4.16334e-17 2.85882e-15 -3.747e-16
142 1 0.1 0.5 0.2 0.0012727 -5.08621e-15 -8.67362e-18
144 1 0 0.5 0.3 4.08747e-05 -5.9952e-15 -9.02056e-17
161 1 0 0.6 0.2 4.08747e-05 0 -1.38778e-16
163 1 0.1 0.6 0.3 0.0012727 -1.21431e-17 -2.51535e-16
146 1 0.3 0.5 0.2 0.180247 -5.35943e-15 1.21431e-17
148 1 0.2 0.5 0.3 -0.00371535 -5.50254e-15 -1.35308e-16
165 1 0.2 0.6 0.2 -0.00371535 1.38778e-17 3.46945e-18
167 1 0.3 0.6 0.3 0.180247 2.25514e-17 4.68375e-17
152 1 0.402766 0.5 0.3 -0.382114 -6.20858e-15 -2.63678e-16
169 1 0.402766 0.6 0.2 -0.382114 1.75207e-16 -1.9082e-16
150 1 0.5 0.5 0.2 0.207356 -5.86683e-15 -3.57353e-16
156 1 0.6 0.5 0.3 -0.00446794 -4.80692e-15 -8.32667e-17
171 1 0.5 0.6 0.3 0.207356 3.62557e-16 6.59195e-17
173 1 0.6 0.6 0.2 -0.00446794 4.33681e-17 2.42861e-17
154 1 0.7 0.5 0.2 0.00133545 -4.96825e-15 1.73472e-17
160 1 0.8 0.5 0.3 4.51991e-05 -5.79224e-15 -2.25514e-16
175 1 0.7 0.6 0.3 0.00133545 5.20417e-18 -2.28983e-16
177 1 0.8 0.6 0.2 4.51991e-05 2.60209e-17 -9.71445e-17
158 1 0.9 0.5 0.2 2.77556e-16 -5.85643e-15 -6.245e-17
179 1 0.9 0.6 0.3 0 5.89806e-17 1.249e-16
162 1 0.1 0.7 0.2 0.0012727 4.96478e-15 -1.33574e-16
164 1 0 0.7 0.3 4.08747e-05 6.06459e-15 -2.77556e-16
181 1 0 0.8 0.2 4.08747e-05 -1.94289e-16 -1.38778e-16
183 1 0.1 0.8 0.3 0.0012727 2.30718e-16 3.81639e-17
166 1 0.3 0.7 0.2 0.180247 5.41147e-15 -3.1225e-17
168 1 0.2 0.7 0.3 -0.00371535 5.46091e-15 2.28983e-16
185 1 0.2 0.8 0.2 -0.00371535 5.75928e-16 -2.35922e-16
187 1 0.3 0.8 0.3 0.180247 -2.70617e-16 -2.58474e-16
172 1 0.402766 0.7 0.3 -0.382114 6.00214e-15 -3.29597e-16
189 1 0.402766 0.8 0.2 -0.382114 2.08167e-17 -1.38778e-17
170 1 0.5 0.7 0.2 0.207356 6.02296e-15 -1.45717e-16
176 1 0.6 0.7 0.3 -0.00446794 4.59875e-15 8.32667e-17
191 1 0.5 0.8 0.3 0.207356 -1.09288e-16 -2.28983e-16
193 1 0.6 0.8 0.2 -0.00446794 -5.06539e-16 -1.70003e-16
174 1 0.7 0.7 0.2 0.00133545 5.05672e-15 -1.14492e-16
180 1 0.8 0.7 0.3 4.51991e-05 5.905e-15 -1.26635e-16
195 1 0.7 0.8 0.3 0.00133545 -2.46331e-16 -4.16334e-17
197 1 0.8 0.8 0.2 4.51991e-05 4.16334e-17 -1.8735e-16
178 1 0.9 0.7 0.2 1.11022e-16 5.7454e-15 -4.16334e-17
199 1 0.9 0.8 0.3 -3.46945e-18 -9.71445e-17 -2.08167e-16
182 1 0.1 0.9 0.2 0.0012727 -4.85723e-17 -1.04083e-17
184 1 0 0.9 0.3 4.08747e-05 -2.77556e-17 -3.40006e-16
186 1 0.3 0.9 0.2 0.180247 9.71445e-17 -7.63278e-17
188 1 0.2 0.9 0.3 -0.00371535 -6.59195e-17 -4.16334e-16
192 1 0.402766 0.9 0.3 -0.382114 -3.36536e-16 4.85723e-17
190 1 0.5 0.9 0.2 0.207356 -1.249e-16 -9.02056e-17
196 1 0.6 0.9 0.3 -0.00446794 1.04083e-16 -7.63278e-17
194 1 0.7 0.9 0.2 0.00133545 1.04083e-16 -1.94289e-16
200 1 0.8 0.9 0.3 4.51991e-05 2.94903e-16 -4.51028e-17
198 1 0.9 0.9 0.2 1.38778e-17 5.55112e-17 -2.15106e-16
201 1 0 0 0.4 4.08747e-05 -2.98372e-15 3.17107e-15
202 1 0.1 0.1 0.4 0.0012727 -2.51535e-16 3.26128e-15
205 1 0.2 0 0.4 -0.00371535 -2.83107e-15 3.11556e-15
206 1 0.3 0.1 0.4 0.180247 1.11022e-16 2.72699e-15
209 1 0.402766 0 0.4 -0.382114 -3.30291e-15 3.16414e-15
210 1 0.5 0.1 0.4 0.207356 -3.05311e-16 4.08701e-15
213 1 0.6 0 0.4 -0.00446794 -2.72005e-15 3.04617e-15
214 1 0.7 0.1 0.4 0.00133545 -2.22045e-16 3.1572e-15
217 1 0.8 0 0.4 4.51991e-05 -2.9525e-15 2.82413e-15
218 1 0.9 0.1 0.4 4.85723e-17 1.56125e-16 2.95597e-15
221 1 0 0.2 0.4 4.08747e-05 1.35308e-16 3.13638e-15
222 1 0.1 0.3 0.4 0.0012727 6.93889e-17 3.21965e-15
225 1 0.2 0.2 0.4 -0.00371535 1.66533e-16 2.96638e-15
226 1 0.3 0.3 0.4 0.180247 1.89085e-16 2.77989e-15
229 1 0.402766 0.2 0.4 -0.382114 1.59595e-16 3.21791e-15
230 1 0.5 0.3 0.4 0.207356 2.25514e-16 4.0315e-15
233 1 0.6 0.2 0.4 -0.00446794 -2.42861e-17 3.44343e-15
234 1 0.7 0.3 0.4 0.00133545 -1.21431e-16 3.31159e-15
237 1 0.8 0.2 0.4 4.51991e-05 1.2837e-16 3.14332e-15
238 1 0.9 0.3 0.4 6.245e-17 -1.94289e-16 3.37924e-15
241 1 0 0.4 0.4 4.08747e-05 3.16414e-15 3.28904e-15
245 1 0.2 0.4 0.4 -0.00371535 3.04617e-15 2.97679e-15
249 1 0.402766 0.4 0.4 -0.382114 3.12597e-15 3.29251e-15
253 1 0.6 0.4 0.4 -0.00446794 3.16414e-15 3.15026e-15
257 1 0.8 0.4 0.4 4.51991e-05 3.17454e-15 3.35496e-15
242 1 0.1 0.5 0.4 0.0012727 -5.80438e-15 3.02189e-15
261 1 0 0.6 0.4 4.08747e-05 -2.77556e-17 3.53884e-15
246 1 0.3 0.5 0.4 0.180247 -5.49213e-15 2.81806e-15
265 1 0.2 0.6 0.4 -0.00371535 1.99493e-17 2.71051e-15
269 1 0.402766 0.6 0.4 -0.382114 3.1225e-17 3.22659e-15
250 1 0.5 0.5 0.4 0.207356 -6.05072e-15 3.73312e-15
273 1 0.6 0.6 0.4 -0.00446794 3.41741e-16 2.66107e-15
254 1 0.7 0.5 0.4 0.00133545 -5.32213e-15 2.70617e-15
277 1 0.8 0.6 0.4 4.51991e-05 1.47451e-16 3.66721e-15
258 1 0.9 0.5 0.4 5.55112e-17 -5.84255e-15 3.407e-15
262 1 0.1 0.7 0.4 0.0012727 5.5702e-15 2.88311e-15
281 1 0 0.8 0.4 4.08747e-05 -3.60822e-16 3.31679e-15
266 1 0.3 0.7 0.4 0.180247 5.41234e-15 2.46331e-15
285 1 0.2 0.8 0.4 -0.00371535 -3.67761e-16 2.82413e-15
289 1 0.402766 0.8 0.4 -0.382114 -1.17961e-16 3.14332e-15
270 1 0.5 0.7 0.4 0.207356 5.88071e-15 3.29771e-15
293 1 0.6 0.8 0.4 -0.00446794 -2.42861e-16 2.87964e-15
274 1 0.7 0.7 0.4 0.00133545 5.12784e-15 2.94556e-15
297 1 0.8 0.8 0.4 4.51991e-05 -3.88578e-16 2.8727e-15
278 1 0.9 0.7 0.4 5.55112e-17 5.75928e-15 3.28904e-15
282 1 0.1 0.9 0.4 0.0012727 2.63678e-16 3.58047e-15
286 1 0.3 0.9 0.4 0.180247 -8.32667e-17 2.26902e-15
290 1 0.5 0.9 0.4 0.207356 3.60822e-16 3.35149e-15
294 1 0.7 0.9 0.4 0.00133545 2.42861e-16 3.32373e-15
298 1 0.9 0.9 0.4 -8.32667e-17 6.93889e-17 2.4078e-15
203 1 0.1 0 0.5 0.0012727 -3.14679e-15 -6.00561e-15
204 1 0 0.1 0.5 4.08747e-05 5.55112e-17 -5.80785e-15
301 1 0 0 0.6 4.08747e-05 -2.76168e-15 -6.93889e-18
302 1 0.1 0.1 0.6 0.0012727 2.8276e-16 3.46945e-17
207 1 0.3 0 0.5 0.180247 -2.84495e-15 -5.46785e-15
208 1 0.2 0.1 0.5 -0.00371535 2.22045e-16 -5.50775e-15
305 1 0.2 0 0.6 -0.00371535 -3.02536e-15 -2.77556e-17
306 1 0.3 0.1 0.6 0.180247 5.55112e-17 6.59195e-17
212 1 0.402766 0.1 0.5 -0.382114 1.11022e-16 -6.09929e-15
309 1 0.402766 0 0.6 -0.382114 -3.16414e-15 5.55112e-17
211 1 0.5 0 0.5 0.207356 -3.44169e-15 -5.7454e-15
216 1 0.6 0.1 0.5 -0.00446794 -5.55112e-17 -4.91794e-15
310 1 0.5 0.1 0.6 0.207356 -1.38778e-16 9.02056e-17
313 1 0.6 0 0.6 -0.00446794 -2.94209e-15 -2.08167e-17
215 1 0.7 0 0.5 0.00133545 -2.9976e-15 -5.30131e-15
220 1 0.8 0.1 0.5 4.51991e-05 1.94289e-16 -5.64132e-15
314 1 0.7 0.1 0.6 0.00133545 1.66533e-16 6.93889e-18
317 1 0.8 0 0.6 4.51991e-05 -2.63678e-15 1.56125e-17
219 1 0.9 0 0.5 1.249e-16 -3.02536e-15 -5.81479e-15
318 1 0.9 0.1 0.6 0 -4.16334e-16 2.498e-16
223 1 0.1 0.2 0.5 0.0012727 1.73472e-17 -5.08968e-15
224 1 0 0.3 0.5 4.08747e-05 -8.32667e-17 -6.17562e-15
321 1 0 0.2 0.6 4.08747e-05 -1.63064e-16 4.85723e-17
322 1 0.1 0.3 0.6 0.0012727 -2.23779e-16 3.98986e-17
227 1 0.3 0.2 0.5 0.180247 -1.47451e-17 -5.69336e-15
228 1 0.2 0.3 0.5 -0.00371535 -1.35308e-16 -5.64479e-15
325 1 0.2 0.2 0.6 -0.00371535 -3.46945e-18 -1.04083e-17
326 1 0.3 0.3 0.6 0.180247 6.07153e-17 5.46438e-17
232 1 0.402766 0.3 0.5 -0.382114 1.21431e-17 -6.23807e-15
329 1 0.402766 0.2 0.6 -0.382114 -3.46945e-17 -1.38778e-17
231 1 0.5 0.2 0.5 0.207356 -5.20417e-18 -5.92582e-15
236 1 0.6 0.3 0.5 -0.00446794 -8.32667e-17 -4.76008e-15
330 1 0.5 0.3 0.6 0.207356 1.45717e-16 -9.88792e-17
333 1 0.6 0.2 0.6 -0.00446794 1.11022e-16 -1.2837e-16
235 1 0.7 0.2 0.5 0.00133545 1.73472e-17 -5.1556e-15
240 1 0.8 0.3 0.5 4.51991e-05 -2.77556e-16 -6.00214e-15
334 1 0.7 0.3 0.6 0.00133545 -2.22045e-16 5.20417e-18
337 1 0.8 0.2 0.6 4.51991e-05 -1.47451e-16 3.46945e-18
239 1 0.9 0.2 0.5 1.66533e-16 -1.38778e-17 -5.98827e-15
338 1 0.9 0.3 0.6 0 -4.85723e-17 -1.66533e-16
243 1 0.1 0.4 0.5 0.0012727 2.97679e-15 -5.84602e-15
341 1 0 0.4 0.6 4.08747e-05 3.56659e-15 -1.38778e-17
247 1 0.3 0.4 0.5 0.180247 2.93602e-15 -5.62397e-15
345 1 0.2 0.4 0.6 -0.00371535 2.73826e-15 1.82146e-17
349 1 0.402766 0.4 0.6 -0.382114 3.02189e-15 2.18575e-16
251 1 0.5 0.4 0.5 0.207356 3.25608e-15 -5.95704e-15
353 1 0.6 0.4 0.6 -0.00446794 2.71311e-15 -1.49186e-16
255 1 0.7 0.4 0.5 0.00133545 2.73219e-15 -5.13131e-15
357 1 0.8 0.4 0.6 4.51991e-05 3.51802e-15 -9.71445e-17
259 1 0.9 0.4 0.5 8.32667e-17 3.2474e-15 -5.93969e-15
244 1 0 0.5 0.5 4.08747e-05 -5.4505e-15 -5.44009e-15
263 1 0.1 0.6 0.5 0.0012727 -3.1225e-17 -4.12344e-15
342 1 0.1 0.5 0.6 0.0012727 -3.97946e-15 -2.08167e-17
361 1 0 0.6 0.6 4.08747e-05 1.66533e-16 -6.93889e-18
248 1 0.2 0.5 0.5 -0.00371535 -5.00121e-15 -5.0307e-15
267 1 0.3 0.6 0.5 0.180247 1.64799e-17 -4.38018e-15
346 1 0.3 0.5 0.6 0.180247 -4.46344e-15 1.96891e-16
365 1 0.2 0.6 0.6 -0.00371535 -1.64799e-17 2.34188e-17
252 1 0.402766 0.5 0.5 -0.382114 -5.66908e-15 -5.50254e-15
369 1 0.402766 0.6 0.6 -0.382114 -2.77556e-17 1.38778e-17
256 1 0.6 0.5 0.5 -0.00446794 -4.09915e-15 -4.04884e-15
271 1 0.5 0.6 0.5 0.207356 1.38778e-17 -4.46865e-15
350 1 0.5 0.5 0.6 0.207356 -4.64212e-15 -3.1225e-17
373 1 0.6 0.6 0.6 -0.00446794 0 -2.42861e-17
260 1 0.8 0.5 0.5 4.51991e-05 -5.27356e-15 -5.25968e-15
275 1 0.7 0.6 0.5 0.00133545 1.94289e-16 -3.91354e-15
354 1 0.7 0.5 0.6 0.00133545 -3.74006e-15 -1.249e-16
377 1 0.8 0.6 0.6 4.51991e-05 1.38778e-16 4.33681e-17
279 1 0.9 0.6 0.5 8.32667e-17 -3.46945e-18 -5.06539e-15
358 1 0.9 0.5 0.6 1.45717e-16 -4.95437e-15 -2.01228e-16
264 1 0 0.7 0.5 4.08747e-05 5.2458e-15 -5.45397e-15
283 1 0.1 0.8 0.5 0.0012727 1.73472e-16 -5.63265e-15
362 1 0.1 0.7 0.6 0.0012727 4.22232e-15 -3.46945e-17
381 1 0 0.8 0.6 4.08747e-05 -2.91434e-16 2.77556e-17
268 1 0.2 0.7 0.5 -0.00371535 5.10356e-15 -5.11396e-15
287 1 0.3 0.8 0.5 0.180247 -1.52656e-16 -5.51642e-15
366 1 0.3 0.7 0.6 0.180247 4.39405e-15 2.60209e-17
385 1 0.2 0.8 0.6 -0.00371535 3.1225e-16 -1.73472e-18
272 1 0.402766 0.7 0.5 -0.382114 5.76796e-15 -5.50254e-15
389 1 0.402766 0.8 0.6 -0.382114 -1.14492e-16 -2.94903e-17
276 1 0.6 0.7 0.5 -0.00446794 3.98639e-15 -4.09395e-15
291 1 0.5 0.8 0.5 0.207356 2.01228e-16 -5.5754e-15
370 1 0.5 0.7 0.6 0.207356 4.59008e-15 5.72459e-17
393 1 0.6 0.8 0.6 -0.00446794 6.93889e-17 -1.14492e-16
280 1 0.8 0.7 0.5 4.51991e-05 5.24927e-15 -5.43489e-15
295 1 0.7 0.8 0.5 0.00133545 2.77556e-17 -5.21111e-15
374 1 0.7 0.7 0.6 0.00133545 3.75741e-15 -2.96638e-16
397 1 0.8 0.8 0.6 4.51991e-05 -3.95517e-16 1.04083e-17
299 1 0.9 0.8 0.5 6.245e-17 -4.51028e-16 -5.93969e-15
378 1 0.9 0.7 0.6 -1.38778e-17 4.76008e-15 -6.93889e-18
284 1 0 0.9 0.5 4.08747e-05 8.32667e-17 -6.00214e-15
382 1 0.1 0.9 0.6 0.0012727 3.46945e-17 5.0307e-17
288 1 0.2 0.9 0.5 -0.00371535 6.245e-17 -5.66214e-15
386 1 0.3 0.9 0.6 0.180247 -4.82253e-16 -3.46945e-17
292 1 0.402766 0.9 0.5 -0.382114 9.71445e-17 -6.10623e-15
296 1 0.6 0.9 0.5 -0.00446794 2.15106e-16 -4.73926e-15
390 1 0.5 0.9 0.6 0.207356 3.26128e-16 1.38778e-17
300 1 0.8 0.9 0.5 4.51991e-05 9.71445e-17 -5.99694e-15
394 1 0.7 0.9 0.6 0.00133545 1.45717e-16 -1.73472e-16
398 1 0.9 0.9 0.6 4.16334e-17 -2.77556e-17 -6.93889e-17
303 1 0.1 0 0.7 0.0012727 -3.11556e-15 5.75755e-15
304 1 0 0.1 0.7 4.08747e-05 5.55112e-17 5.91194e-15
401 1 0 0 0.8 4.08747e-05 -2.44249e-15 -9.71445e-17
402 1 0.1 0.1 0.8 0.0012727 1.07553e-16 2.77556e-17
307 1 0.3 0 0.7 0.180247 -2.8727e-15 5.57887e-15
308 1 0.2 0.1 0.7 -0.00371535 1.38778e-16 5.57714e-15
405 1 0.2 0 0.8 -0.00371535 -3.08087e-15 -1.38778e-17
406 1 0.3 0.1 0.8 0.180247 1.66533e-16 1.2837e-16
312 1 0.402766 0.1 0.7 -0.382114 1.11022e-16 5.98133e-15
409 1 0.402766 0 0.8 -0.382114 -3.13638e-15 1.59595e-16
311 1 0.5 0 0.7 0.207356 -3.88578e-15 5.84255e-15
316 1 0.6 0.1 0.7 -0.00446794 -4.71845e-16 4.64039e-15
410 1 0.5 0.1 0.8 0.207356 2.77556e-16 -1.21431e-16
413 1 0.6 0 0.8 -0.00446794 -3.16414e-15 -2.84495e-16
315 1 0.7 0 0.7 0.00133545 -3.08087e-15 5.25968e-15
320 1 0.8 0.1 0.7 4.51991e-05 2.60209e-17 5.58928e-15
414 1 0.7 0.1 0.8 0.00133545 8.32667e-17 -2.08167e-16
417 1 0.8 0 0.8 4.51991e-05 -2.70096e-15 1.5786e-16
319 1 0.9 0 0.7 1.11022e-16 -2.19269e-15 5.77316e-15
418 1 0.9 0.1 0.8 1.80411e-16 0 -1.94289e-16
323 1 0.1 0.2 0.7 0.0012727 6.93889e-18 5.16254e-15
324 1 0 0.3 0.7 4.08747e-05 -1.38778e-16 6.23807e-15
421 1 0 0.2 0.8 4.08747e-05 -3.46945e-17 -3.46945e-17
422 1 0.1 0.3 0.8 0.0012727 -1.99493e-16 -2.2031e-16
327 1 0.3 0.2 0.7 0.180247 1.63931e-16 5.63785e-15
328 1 0.2 0.3 0.7 -0.00371535 -1.31839e-16 5.68989e-15
425 1 0.2 0.2 0.8 -0.00371535 1.73472e-16 2.46331e-16
426 1 0.3 0.3 0.8 0.180247 -8.23994e-17 -2.84495e-16
332 1 0.402766 0.3 0.7 -0.382114 3.46945e-18 5.97786e-15
429 1 0.402766 0.2 0.8 -0.382114 -1.83881e-16 -1.8735e-16
331 1 0.5 0.2 0.7 0.207356 1.05818e-16 6.22072e-15
336 1 0.6 0.3 0.7 -0.00446794 -1.61329e-16 4.59008e-15
430 1 0.5 0.3 0.8 0.207356 -1.35308e-16 -3.22659e-16
433 1 0.6 0.2 0.8 -0.00446794 1.47451e-16 -3.19189e-16
335 1 0.7 0.2 0.7 0.00133545 1.5786e-16 4.88151e-15
340 1 0.8 0.3 0.7 4.51991e-05 -2.15106e-16 5.72459e-15
434 1 0.7 0.3 0.8 0.00133545 -2.04697e-16 -3.46945e-17
437 1 0.8 0.2 0.8 4.51991e-05 -4.51028e-17 -9.02056e-17
339 1 0.9 0.2 0.7 1.66533e-16 -6.93889e-17 5.71071e-15
438 1 0.9 0.3 0.8 3.26128e-16 -3.46945e-16 1.04083e-16
343 1 0.1 0.4 0.7 0.0012727 2.8276e-15 5.74714e-15
441 1 0 0.4 0.8 4.08747e-05 2.88658e-15 -1.94289e-16
347 1 0.3 0.4 0.7 0.180247 2.81372e-15 5.6205e-15
445 1 0.2 0.4 0.8 -0.00371535 2.65586e-15 -4.75314e-16
449 1 0.402766 0.4 0.8 -0.382114 3.34975e-15 -3.1572e-16
351 1 0.5 0.4 0.7 0.207356 3.54924e-15 5.97439e-15
453 1 0.6 0.4 0.8 -0.00446794 2.92648e-15 -2.81025e-16
355 1 0.7 0.4 0.7 0.00133545 2.73739e-15 4.91274e-15
457 1 0.8 0.4 0.8 4.51991e-05 3.15026e-15 -9.02056e-17
359 1 0.9 0.4 0.7 3.33067e-16 3.10862e-15 5.71765e-15
344 1 0 0.5 0.7 4.08747e-05 -5.29785e-15 5.23193e-15
363 1 0.1 0.6 0.7 0.0012727 8.67362e-18 4.24834e-15
442 1 0.1 0.5 0.8 0.0012727 -5.95531e-15 -1.52656e-16
461 1 0 0.6 0.8 4.08747e-05 0 -4.44089e-16
348 1 0.2 0.5 0.7 -0.00371535 -5.00815e-15 5.10356e-15
367 1 0.3 0.6 0.7 0.180247 -1.50054e-16 4.34028e-15
446 1 0.3 0.5 0.8 0.180247 -5.62831e-15 -1.9082e-16
465 1 0.2 0.6 0.8 -0.00371535 1.64799e-16 -3.60822e-16
352 1 0.402766 0.5 0.7 -0.382114 -5.66908e-15 5.47132e-15
469 1 0.402766 0.6 0.8 -0.382114 1.73472e-18 -3.1225e-16
356 1 0.6 0.5 0.7 -0.00446794 -4.09221e-15 3.93782e-15
371 1 0.5 0.6 0.7 0.207356 1.73472e-17 4.57273e-15
450 1 0.5 0.5 0.8 0.207356 -5.59275e-15 4.51028e-17
473 1 0.6 0.6 0.8 -0.00446794 0 3.46945e-17
360 1 0.8 0.5 0.7 4.51991e-05 -4.99427e-15 5.16254e-15
375 1 0.7 0.6 0.7 0.00133545 -3.1225e-17 3.97599e-15
454 1 0.7 0.5 0.8 0.00133545 -4.99253e-15 3.88578e-16
477 1 0.8 0.6 0.8 4.51991e-05 -3.46945e-18 -2.22045e-16
379 1 0.9 0.6 0.7 2.08167e-16 2.08167e-17 4.75314e-15
458 1 0.9 0.5 0.8 2.08167e-16 -5.9952e-15 -3.33067e-16
364 1 0 0.7 0.7 4.08747e-05 5.22499e-15 5.22499e-15
383 1 0.1 0.8 0.7 0.0012727 -2.42861e-17 5.79398e-15
462 1 0.1 0.7 0.8 0.0012727 6.07847e-15 -1.94289e-16
481 1 0 0.8 0.8 4.08747e-05 -4.44089e-16 -4.78784e-16
368 1 0.2 0.7 0.7 -0.00371535 5.1608e-15 5.1556e-15
387 1 0.3 0.8 0.7 0.180247 -1.38778e-16 5.70377e-15
466 1 0.3 0.7 0.8 0.180247 5.72545e-15 -1.99493e-16
485 1 0.2 0.8 0.8 -0.00371535 4.51028e-17 9.02056e-17
372 1 0.402766 0.7 0.7 -0.382114 5.60663e-15 5.44703e-15
489 1 0.402766 0.8 0.8 -0.382114 6.59195e-17 2.77556e-17
376 1 0.6 0.7 0.7 -0.00446794 3.96731e-15 3.96558e-15
391 1 0.5 0.8 0.7 0.207356 3.19189e-16 5.57193e-15
470 1 0.5 0.7 0.8 0.207356 5.54591e-15 3.08781e-16
493 1 0.6 0.8 0.8 -0.00446794 3.76435e-16 5.51642e-16
380 1 0.8 0.7 0.7 4.51991e-05 5.04978e-15 4.87978e-15
395 1 0.7 0.8 0.7 0.00133545 7.63278e-17 4.9058e-15
474 1 0.7 0.7 0.8 0.00133545 4.89539e-15 3.747e-16
497 1 0.8 0.8 0.8 4.51991e-05 -3.48679e-16 -2.32453e-16
399 1 0.9 0.8 0.7 2.42861e-16 -3.1225e-16 5.61357e-15
478 1 0.9 0.7 0.8 1.80411e-16 5.66214e-15 -3.46945e-16
384 1 0 0.9 0.7 4.08747e-05 8.32667e-17 5.68295e-15
482 1 0.1 0.9 0.8 0.0012727 2.42861e-17 -4.44089e-16
388 1 0.2 0.9 0.7 -0.00371535 9.02056e-17 5.62744e-15
486 1 0.3 0.9 0.8 0.180247 -1.73472e-16 -1.73472e-16
392 1 0.402766 0.9 0.7 -0.382114 -2.77556e-17 6.08541e-15
396 1 0.6 0.9 0.7 -0.00446794 2.28983e-16 4.7809e-15
490 1 0.5 0.9 0.8 0.207356 1.73472e-16 8.32667e-17
400 1 0.8 0.9 0.7 4.51991e-05 2.63678e-16 5.64479e-15
494 1 0.7 0.9 0.8 0.00133545 1.56125e-16 -1.59595e-16
498 1 0.9 0.9 0.8 -1.249e-16 2.77556e-16 2.35922e-16
403 1 0.1 0 0.9 0.0012727 -2.64198e-15 4.85723e-17
404 1 0 0.1 0.9 4.08747e-05 1.66533e-16 5.55112e-17
407 1 0.3 0 0.9 0.180247 -2.66454e-15 -1.66533e-16
408 1 0.2 0.1 0.9 -0.00371535 1.66533e-16 2.32453e-16
412 1 0.402766 0.1 0.9 -0.382114 -2.77556e-17 -3.08781e-16
411 1 0.5 0 0.9 0.207356 -3.80251e-15 -1.52656e-16
416 1 0.6 0.1 0.9 -0.00446794 5.55112e-17 2.77556e-17
415 1 0.7 0 0.9 0.00133545 -2.77556e-15 1.8735e-16
420 1 0.8 0.1 0.9 4.51991e-05 2.77556e-17 3.747e-16
419 1 0.9 0 0.9 -2.77556e-17 -3.06699e-15 -1.80411e-16
423 1 0.1 0.2 0.9 0.0012727 1.04083e-17 -1.249e-16
424 1 0 0.3 0.9 4.08747e-05 -1.80411e-16 -1.59595e-16
427 1 0.3 0.2 0.9 0.180247 -3.46945e-18 2.60209e-18
428 1 0.2 0.3 0.9 -0.00371535 -1.38778e-17 -1.49186e-16
432 1 0.402766 0.3 0.9 -0.382114 1.66533e-16 -3.98986e-17
431 1 0.5 0.2 0.9 0.207356 -2.04697e-16 -1.23165e-16
436 1 0.6 0.3 0.9 -0.00446794 -4.85723e-17 9.19403e-17
435 1 0.7 0.2 0.9 0.00133545 0 4.68375e-17
440 1 0.8 0.3 0.9 4.51991e-05 -2.01228e-16 5.06539e-16
439 1 0.9 0.2 0.9 1.11022e-16 -5.55112e-17 -2.77556e-17
443 1 0.1 0.4 0.9 0.0012727 3.11209e-15 6.93889e-18
447 1 0.3 0.4 0.9 0.180247 2.3332e-15 -1.50921e-16
451 1 0.5 0.4 0.9 0.207356 3.35322e-15 3.31332e-16
455 1 0.7 0.4 0.9 0.00133545 3.35496e-15 1.12757e-16
459 1 0.9 0.4 0.9 5.55112e-17 2.31759e-15 -6.93889e-18
444 1 0 0.5 0.9 4.08747e-05 -5.79051e-15 2.77556e-17
463 1 0.1 0.6 0.9 0.0012727 6.93889e-18 2.08167e-16
448 1 0.2 0.5 0.9 -0.00371535 -5.77316e-15 -8.67362e-18
467 1 0.3 0.6 0.9 0.180247 -1.9082e-17 -4.61436e-16
452 1 0.402766 0.5 0.9 -0.382114 -6.26929e-15 -1.04083e-17
456 1 0.6 0.5 0.9 -0.00446794 -4.85376e-15 1.21431e-17
471 1 0.5 0.6 0.9 0.207356 2.42861e-17 3.36536e-16
460 1 0.8 0.5 0.9 4.51991e-05 -5.91714e-15 3.46945e-17
475 1 0.7 0.6 0.9 0.00133545 5.20417e-18 4.68375e-17
479 1 0.9 0.6 0.9 -7.63278e-17 -1.38778e-17 1.31839e-16
464 1 0 0.7 0.9 4.08747e-05 5.75581e-15 2.08167e-17
483 1 0.1 0.8 0.9 0.0012727 -4.02456e-16 6.59195e-17
468 1 0.2 0.7 0.9 -0.00371535 5.8252e-15 1.12757e-16
487 1 0.3 0.8 0.9 0.180247 -1.66533e-16 -7.97973e-17
472 1 0.402766 0.7 0.9 -0.382114 6.245e-15 1.04083e-17
476 1 0.6 0.7 0.9 -0.00446794 4.90233e-15 1.92554e-16
491 1 0.5 0.8 0.9 0.207356 4.16334e-17 1.73472e-16
480 1 0.8 0.7 0.9 4.51991e-05 5.72285e-15 2.77556e-17
495 1 0.7 0.8 0.9 0.00133545 -3.46945e-16 4.85723e-17
499 1 0.9 0.8 0.9 -8.32667e-17 1.31839e-16 1.11022e-16
484 1 0 0.9 0.9 4.08747e-05 2.22045e-16 -2.77556e-17
488 1 0.2 0.9 0.9 -0.00371535 2.35922e-16 1.31839e-16
492 1 0.402766 0.9 0.9 -0.382114 -2.15106e-16 -2.35922e-16
496 1 0.6 0.9 0.9 -0.00446794 6.93889e-17 6.93889e-18
500 1 0.8 0.9 0.9 4.51991e-05 2.08167e-16 -2.42861e-17
